27617,325117
25844,70628
25249,909321
24980,528283
24731,433532
24316,072948
24382,952255
23861,499411
24181,425725
23613,324085
23140,260304
23016,85451
22799,319855
22663,600284
22208,873776
21768,97035
21580,945702
21768,251743
21724,095928
21428,163733
21486,779469
21219,118758
21119,436894
21069,868476
20916,077772
20739,669727
20635,9671
20274,173254
20098,709038
19811,381181
19461,033348
19292,62929
18876,975959
18421,037934
18131,779962
18011,333486
17870,260712
17966,537133
17544,330474
17493,235592
17572,978843
17747,897118
17398,007143
17235,804665
16944,845521
16426,061592
16294,924419
16294,924419
16294,924419
16233,96852
16233,96852
16233,96852
16233,96852
16233,96852
16233,96852
16233,96852
16233,96852
16233,96852
16233,96852
16233,96852
16233,96852
16233,96852
16233,96852
16233,96852
16225,727735
16246,550738
16100,120748
16036,254683
16113,827573
15952,430662
15996,003035
16006,670199
15831,124019
15957,051045
15780,505486
16056,164934
15871,423248
15806,110981
15835,703825
15860,035253
15810,090348
15789,685005
15675,814258
15607,962671
15666,187497
15680,711128
15832,103166
15722,659275
15452,003585
15514,326103
15426,872179
15479,325997
15454,494835
15484,707506
15427,742292
15487,65876
15406,275575
15437,217862
15517,145389
15421,986341
15560,241038
15439,332303
15382,335889
15361,08637
15361,08637
15361,08637
15361,08637
15361,08637
15361,08637
15361,08637
15361,08637
15361,08637
15361,08637
15361,08637
15361,08637
15361,08637
15361,08637
15361,08637
15361,08637
15361,08637
15361,08637
15361,08637
15361,08637
15361,08637
15361,08637
15361,08637
15361,08637
15361,08637
15361,08637
15361,08637
15361,08637
15361,08637
15361,08637
15361,08637
15361,08637
15361,08637
15361,08637
15361,08637
15361,08637
15361,08637
15361,08637
15361,08637
15361,08637
15361,08637
15361,08637
15361,08637
15361,08637
15361,08637
15361,08637
15361,08637
15361,08637
15361,08637
15361,08637
15361,08637
15361,08637
15361,08637
15361,08637
15361,08637
15361,08637
15361,08637
15361,08637
15361,08637
15361,08637
15361,08637
15361,08637
15361,08637
15361,08637
15361,08637
15361,08637
15361,08637
15361,08637
15361,08637
15361,08637
15361,08637
15361,08637
15361,08637
15361,08637
15361,08637
15361,08637
15361,08637
15361,08637
15361,08637
15361,08637
15361,08637
15361,08637
15361,08637
15361,08637
15361,08637
15361,08637
15361,08637
15361,08637
15361,08637
15361,08637
15361,08637
15361,08637
15361,08637
15361,08637
15361,08637
15361,08637
15361,08637
15361,08637
15361,08637
15361,08637
15361,08637
15361,08637
15361,08637
15361,08637
15361,08637
15361,08637
15361,08637
15361,08637
15361,08637
15361,08637
15361,08637
15361,08637
15361,08637
15361,08637
15361,08637
15361,08637
15361,08637
15361,08637
15361,08637
15361,08637
15361,08637
15361,08637
15361,08637
15361,08637
15361,08637
15361,08637
15361,08637
15361,08637
15361,08637
15361,08637
15361,08637
15361,08637
15361,08637
15361,08637
15361,08637
15361,08637
15361,08637
15361,08637
15361,08637
15361,08637
15361,08637
15361,08637
15361,08637
15361,08637
15361,08637
15361,08637
15361,08637
15361,08637
15361,08637
15361,08637
15361,08637
15361,08637
15361,08637
15361,08637
15361,08637
15361,08637
15361,08637
15361,08637
15361,08637
15361,08637
15361,08637
15361,08637
15361,08637
15361,08637
15361,08637
15361,08637
15361,08637
15361,08637
15361,08637
15361,08637
15361,08637
15361,08637
15361,08637
15361,08637
15361,08637
15361,08637
15361,08637
15361,08637
15361,08637
15361,08637
15361,08637
15361,08637
15361,08637
15361,08637
15361,08637
15303,487715
14918,385554
14847,412885
14925,135601
14999,685053
14856,924484
14818,128888
14958,04585
15004,179802
14840,90452
14702,885116
15116,5361
14947,097174
14878,947498
14684,829439
14770,978956
14640,07057
14640,07057
14640,07057
14618,02716
14896,016061
14861,341781
14807,325449
14713,170036
14719,439359
14483,675403
14520,74411
14607,976944
14630,013617
14528,012524
14297,727544
14188,86839
14121,76869
14105,597634
14672,462619
14594,99301
14171,181004
14429,062655
14020,54826
14060,40971
13918,622574
13794,960564
13654,857796
13620,149658
13746,891625
13726,578852
13818,009689
13825,906532
13436,29665
13558,390481
13372,294607
13327,786738
13305,22369
13305,22369
13305,22369
13305,22369
13305,22369
13305,22369
13305,22369
13305,22369
13299,979789
13405,488532
13286,745862
13264,991931
13258,069311
13347,889633
13426,981529
13497,341903
13226,844666
13259,425815
13331,243748
13425,863353
13147,289825
13153,817774
13134,415227
13075,802786
12999,179988
13241,893849
13081,149938
13041,786414
13184,000748
12914,494472
13090,7881
13150,894277
13334,810275
13174,331619
12877,988757
12985,934179
12774,990205
12891,443646
12827,399174
12489,986062
12599,090549
12395,577494
12330,791344
12348,03086
12277,508866
12257,9497
12257,9497
12257,9497
12257,9497
12257,9497
12257,9497
12257,9497
12251,573116
12859,625266
12863,034191
12776,223411
12693,865696
12409,005781
12144,449468
12085,04928
12085,04928
12071,999252
12099,413147
12141,571068
12033,069525
12084,641695
12011,332175
11959,761049
11963,311708
11884,357871
11831,480815
11690,632855
11626,752515
11612,903631
11600,882113
11771,873617
11596,02022
11596,02022
11596,02022
11596,02022
11596,02022
11596,02022
11596,02022
11596,02022
11596,02022
11596,02022
11596,02022
11596,02022
11596,02022
11596,02022
11596,02022
11596,02022
11596,02022
11596,02022
11596,02022
11596,02022
11596,02022
11596,02022
11596,02022
11596,02022
11596,02022
11596,02022
11596,02022
11596,02022
11596,02022
11596,02022
11596,02022
11596,02022
11596,02022
11596,02022
11596,02022
11596,02022
11596,02022
11596,02022
11596,02022
11596,02022
11596,02022
11596,02022
11596,02022
11596,02022
11596,02022
11596,02022
11596,02022
11596,02022
11596,02022
11596,02022
11596,02022
11596,02022
11596,02022
11596,02022
11596,02022
11596,02022
11596,02022
11596,02022
11596,02022
11596,02022
11596,02022
11596,02022
11596,02022
11596,02022
11596,02022
11596,02022
11596,02022
11596,02022
11596,02022
11596,02022
11596,02022
11596,02022
11596,02022
11596,02022
11596,02022
11596,02022
11596,02022
11596,02022
11596,02022
11596,02022
11596,02022
11596,02022
11596,02022
11596,02022
11596,02022
11596,02022
11596,02022
11596,02022
11596,02022
11596,02022
11596,02022
11596,02022
11596,02022
11596,02022
11596,02022
11596,02022
11596,02022
11596,02022
11596,02022
11596,02022
11596,02022
11596,02022
11596,02022
11596,02022
11596,02022
11596,02022
11596,02022
11596,02022
11596,02022
11596,02022
11596,02022
11596,02022
11596,02022
11596,02022
11596,02022
11596,02022
11596,02022
11596,02022
11596,02022
11596,02022
11596,02022
11596,02022
11596,02022
11596,02022
11596,02022
11596,02022
11596,02022
11596,02022
11596,02022
11596,02022
11596,02022
11596,02022
11596,02022
11596,02022
11596,02022
11596,02022
11596,02022
11596,02022
11596,02022
11596,02022
11596,02022
11596,02022
11596,02022
11596,02022
11596,02022
11596,02022
11596,02022
11596,02022
11596,02022
11596,02022
11591,497449
11884,443531
11591,497449
11813,827325
11685,895356
11677,831801
11889,890077
11614,820555
11639,496999
11784,032943
11573,406365
11573,406365
11666,629423
11661,747496
11730,704508
11557,047259
11697,597067
11586,220243
11523,892444
11623,896774
11545,505156
11532,379506
11468,620945
11518,224031
11468,620945
11468,620945
11468,620945
11530,465962
11454,46547
11454,46547
11454,46547
11454,46547
11454,46547
11454,46547
11454,46547
11454,46547
11454,46547
11454,46547
11454,46547
11454,46547
11454,46547
11454,46547
11454,46547
11454,46547
11454,46547
11454,46547
11454,46547
11454,46547
11454,46547
11454,46547
11454,46547
11454,46547
11454,46547
11454,46547
11454,46547
11454,46547
11454,46547
11454,46547
11454,46547
11454,46547
11454,46547
11454,46547
11454,46547
11454,46547
11454,46547
11454,46547
11454,46547
11454,46547
11454,46547
11454,46547
11454,46547
11454,46547
11454,46547
11454,46547
11454,46547
11454,46547
11454,46547
11454,46547
11454,46547
11454,46547
11454,46547
11454,46547
11454,46547
11454,46547
11454,46547
11454,46547
11454,46547
11454,46547
11454,46547
11454,46547
11454,46547
11454,46547
11454,46547
11454,46547
11454,46547
11454,46547
11454,46547
11454,46547
11454,46547
11454,46547
11454,46547
11454,46547
11454,46547
11454,46547
11454,46547
11454,46547
11454,46547
11454,46547
11454,46547
11454,46547
11454,46547
11454,46547
11454,46547
11454,46547
11454,46547
11454,46547
11454,46547
11454,46547
11454,46547
11454,46547
11454,46547
11454,46547
11454,46547
11454,46547
11454,46547
11454,46547
11454,46547
11454,46547
11454,46547
11454,46547
11454,46547
11454,46547
11454,46547
11454,46547
11454,46547
11446,567105
11466,67713
11476,50861
11387,389436
11062,084055
11013,179656
10972,92386
10972,92386
10972,92386
10972,92386
10972,92386
10972,92386
10972,92386
10972,92386
10972,92386
10972,92386
10972,92386
10972,92386
10972,92386
10972,92386
10972,92386
10972,92386
10972,92386
10972,92386
10972,92386
10972,92386
10972,92386
10972,92386
10972,92386
10972,92386
10972,92386
10972,92386
10972,92386
10972,92386
10972,92386
10972,92386
10972,92386
10972,92386
10972,92386
10972,92386
10972,92386
10972,92386
10972,92386
10972,92386
10972,92386
10972,92386
10972,92386
10972,92386
10972,92386
10972,92386
10972,92386
10972,92386
10972,92386
10972,92386
10972,92386
10972,92386
10972,92386
10972,92386
10972,92386
10972,92386
10972,92386
10972,92386
10972,92386
10972,92386
10972,92386
10972,92386
10972,92386
10972,92386
10972,92386
10972,92386
10972,92386
10972,92386
10972,92386
10972,92386
10972,92386
10972,92386
10972,92386
10972,92386
10972,92386
10972,92386
10972,92386
10972,92386
10972,92386
10972,92386
10972,92386
10972,92386
10972,92386
10972,92386
10972,92386
10972,92386
10972,92386
10972,92386
10972,92386
10972,92386
10972,92386
10972,92386
10972,92386
10972,92386
10972,92386
10972,92386
10972,92386
10972,92386
10972,92386
10972,92386
10972,92386
10972,92386
10972,92386
10972,92386
10972,92386
10972,92386
10972,92386
10972,92386
10972,92386
10972,92386
10972,92386
10972,92386
10972,92386
10972,92386
10972,92386
10972,92386
10972,92386
10972,92386
10972,92386
10972,92386
10972,92386
10972,92386
10972,92386
10972,92386
10972,92386
10972,92386
10972,92386
10972,92386
10972,92386
10972,92386
10972,92386
10972,92386
10972,92386
10972,92386
10972,92386
10972,92386
10972,92386
10972,92386
10972,92386
10972,92386
10972,92386
10972,92386
10972,92386
10972,92386
10972,92386
10972,92386
10972,92386
10972,92386
10972,92386
10972,92386
10972,92386
10972,92386
10972,92386
10972,92386
10972,92386
10972,92386
10972,92386
10972,92386
10972,92386
10972,92386
10972,92386
10972,92386
10972,92386
10972,92386
10972,92386
10972,92386
10972,92386
10972,92386
10972,92386
10972,92386
10972,92386
10972,92386
10972,92386
10972,92386
10972,92386
10972,92386
10972,92386
10972,92386
10972,92386
10972,92386
10972,92386
10972,92386
10972,92386
10972,92386
10972,92386
10972,92386
10972,92386
10972,92386
10972,92386
10972,92386
10972,92386
10972,92386
10972,92386
10972,92386
10972,92386
10972,92386
10972,92386
10972,92386
10972,92386
10972,92386
10972,92386
10972,92386
10972,92386
10972,92386
10972,92386
10972,92386
10972,92386
10972,92386
10972,92386
10972,92386
10972,92386
10972,92386
10972,92386
10972,92386
10972,92386
10972,92386
10972,92386
10972,92386
10972,92386
10972,92386
10972,92386
10972,92386
10972,92386
10972,92386
10972,92386
10972,92386
10972,92386
10972,92386
10972,92386
10972,92386
10972,92386
10972,92386
10972,92386
10972,92386
10972,92386
10972,92386
10972,92386
10972,92386
10972,92386
10972,92386
10972,92386
10972,92386
10972,92386
10972,92386
10972,92386
10972,92386
10972,92386
10972,92386
10972,92386
10972,92386
10972,92386
10972,92386
10972,92386
10972,92386
10972,92386
10972,92386
10972,92386
10972,92386
10972,92386
10972,92386
10972,92386
10972,92386
10972,92386
10972,92386
10972,92386
10972,92386
10972,92386
10972,92386
10972,92386
10972,92386
10972,92386
10972,92386
10972,92386
10972,92386
10972,92386
10972,92386
10972,92386
10972,92386
10972,92386
10972,92386
10972,92386
10972,92386
10972,92386
10972,92386
10972,92386
10972,92386
10972,92386
10972,92386
10972,92386
10972,92386
10972,92386
10972,92386
10972,92386
10972,92386
10972,92386
10972,92386
10972,92386
10972,92386
10972,92386
10972,92386
10972,92386
10972,92386
10972,92386
10972,92386
10972,92386
10972,92386
10972,92386
10972,92386
10972,92386
10972,92386
10972,92386
10972,92386
10972,92386
10972,92386
10972,92386
10972,92386
10972,92386
10972,92386
10972,92386
10972,92386
10972,92386
10972,92386
10972,92386
10972,92386
10972,92386
10972,92386
10972,92386
10972,92386
10972,92386
10972,92386
10972,92386
10972,92386
10972,92386
10972,92386
10972,92386
10972,92386
10972,92386
10972,92386
10972,92386
10972,92386
10972,92386
10972,92386
10972,92386
10972,92386
10972,92386
10972,92386
10972,92386
10972,92386
10972,92386
10972,92386
10972,92386
10972,92386
10972,92386
10972,92386
10972,92386
10972,92386
10972,92386
10972,92386
10972,92386
10972,92386
10972,92386
10972,92386
10972,92386
10972,92386
10972,92386
10972,92386
10972,92386
10972,92386
10972,92386
10972,92386
10972,92386
10972,92386
10972,92386
10972,92386
10972,92386
10972,92386
10972,92386
10972,92386
10972,92386
10972,92386
10972,92386
10972,92386
10972,92386
10972,92386
10972,92386
10972,92386
10972,92386
10972,92386
10972,92386
10972,92386
10972,92386
10972,92386
10972,92386
10972,92386
10972,92386
10972,92386
10972,92386
10972,92386
10972,92386
10972,92386
10972,92386
10972,92386
10972,92386
10972,92386
10972,92386
10972,92386
10972,92386
10972,92386
10972,92386
10972,92386
10972,92386
10972,92386
10972,92386
10972,92386
10972,92386
10972,92386
10972,92386
10972,92386
10972,92386
10972,92386
10972,92386
10972,92386
10972,92386
10972,92386
10972,92386
10972,92386
10972,92386
10972,92386
10972,92386
10972,92386
10972,92386
10972,92386
10972,92386
10972,92386
10972,92386
10972,92386
10972,92386
10972,92386
10972,92386
10972,92386
10972,92386
10972,92386
10972,92386
10972,92386
10972,92386
10972,92386
10972,92386
10972,92386
10972,92386
10972,92386
10972,92386
10972,92386
10972,92386
10972,92386
10972,92386
10972,92386
10972,92386
10972,92386
10972,92386
10972,92386
10972,92386
10972,92386
10972,92386
10972,92386
10972,92386
10972,92386
10972,92386
10972,92386
10972,92386
10972,92386
10972,92386
10972,92386
10972,92386
10972,92386
10972,92386
10972,92386
10972,92386
10972,92386
10972,92386
10972,92386
10972,92386
10972,92386
10972,92386
10972,92386
10972,92386
10972,92386
10972,92386
10972,92386
10972,92386
10972,92386
10972,92386
10972,92386
10972,92386
10972,92386
10972,92386
10972,92386
10972,92386
10972,92386
10972,92386
10972,92386
10972,92386
10972,92386
10972,92386
10972,92386
10972,92386
10972,92386
10972,92386
10972,92386
10972,92386
10972,92386
10972,92386
10972,92386
10972,92386
10972,92386
10972,92386
10972,92386
10972,92386
10972,92386
10972,92386
10972,92386
10972,92386
10972,92386
10972,92386
10972,92386
10972,92386
10972,92386
10972,92386
10972,92386
10972,92386
10972,92386
10972,92386
10972,92386
10972,92386
10972,92386
10972,92386
10972,92386
10972,92386
10972,92386
10972,92386
10972,92386
10972,92386
10972,92386
10972,92386
10972,92386
10972,92386
10972,92386
10972,92386
10972,92386
10972,92386
10972,92386
10972,92386
10972,92386
10972,92386
10972,92386
10972,92386
10972,92386
10972,92386
10972,92386
10972,92386
10972,92386
10972,92386
10972,92386
10972,92386
10972,92386
10972,92386
10972,92386
10972,92386
10972,92386
10972,92386
10972,92386
10972,92386
10972,92386
10972,92386
10972,92386
10972,92386
10972,92386
10972,92386
10972,92386
10972,92386
10972,92386
10972,92386
10972,92386
10972,92386
10972,92386
10972,92386
10972,92386
10972,92386
10972,92386
10972,92386
10972,92386
10972,92386
10972,92386
10972,92386
10972,92386
10972,92386
10972,92386
10972,92386
10972,92386
10972,92386
10972,92386
10972,92386
10972,92386
10972,92386
10972,92386
10972,92386
10972,92386
10972,92386
10972,92386
10972,92386
10972,92386
10972,92386
10972,92386
10972,92386
10972,92386
10972,92386
10972,92386
10972,92386
10972,92386
10972,92386
10972,92386
10972,92386
10972,92386
10972,92386
10972,92386
10972,92386
10972,92386
10972,92386
10972,92386
10972,92386
10972,92386
10972,92386
10972,92386
10972,92386
10972,92386
10972,92386
10972,92386
10972,92386
10972,92386
10972,92386
10972,92386
10972,92386
10972,92386
10972,92386
10972,92386
10972,92386
10972,92386
10972,92386
10972,92386
10972,92386
10972,92386
10972,92386
10972,92386
10972,92386
10972,92386
10972,92386
10972,92386
10972,92386
10972,92386
10972,92386
10972,92386
10972,92386
10972,92386
10972,92386
10972,92386
10972,92386
10972,92386
10972,92386
10972,92386
10972,92386
10972,92386
10972,92386
10972,92386
10972,92386
10972,92386
10972,92386
10972,92386
10972,92386
10972,92386
10972,92386
10972,92386
10972,92386
10972,92386
10972,92386
10972,92386
10972,92386
10972,92386
10972,92386
10972,92386
10972,92386
10972,92386
10972,92386
10972,92386
10972,92386
10972,92386
10972,92386
10972,92386
10972,92386
10972,92386
10972,92386
10972,92386
10972,92386
10972,92386
10972,92386
10972,92386
10972,92386
10972,92386
10972,92386
10972,92386
10972,92386
10972,92386
10972,92386
10972,92386
10972,92386
10972,92386
10972,92386
10972,92386
10972,92386
10972,92386
10972,92386
10972,92386
10972,92386
10972,92386
10972,92386
10972,92386
10972,92386
10972,92386
10972,92386
10972,92386
10972,92386
10972,92386
10972,92386
10972,92386
10972,92386
10972,92386
10972,92386
10972,92386
10972,92386
10972,92386
10972,92386
10972,92386
10972,92386
10972,92386
10972,92386
10972,92386
10972,92386
10972,92386
10972,92386
10972,92386
10972,92386
10972,92386
10972,92386
10972,92386
10972,92386
10972,92386
10972,92386
10972,92386
10972,92386
10972,92386
10972,92386
10972,92386
10972,92386
10972,92386
10972,92386
10972,92386
10972,92386
10972,92386
10972,92386
10972,92386
10972,92386
10972,92386
10972,92386
10972,92386
10972,92386
10972,92386
10972,92386
10972,92386
10972,92386
10972,92386
10972,92386
10972,92386
10972,92386
10972,92386
10972,92386
10972,92386
10972,92386
10972,92386
10972,92386
10972,92386
10972,92386
10972,92386
10972,92386
10972,92386
10972,92386
10972,92386
10972,92386
10972,92386
10972,92386
10972,92386
10972,92386
10972,92386
10972,92386
10972,92386
10972,92386
10972,92386
10972,92386
10972,92386
10972,92386
10972,92386
10972,92386
10972,92386
10972,92386
10972,92386
10972,92386
10972,92386
10972,92386
10972,92386
10972,92386
10972,92386
10972,92386
10972,92386
10972,92386
10972,92386
10972,92386
10972,92386
10972,92386
10972,92386
10972,92386
10972,92386
10972,92386
10972,92386
10972,92386
10972,92386
10972,92386
10972,92386
10972,92386
10972,92386
10972,92386
10972,92386
10972,92386
10972,92386
10972,92386
10972,92386
10972,92386
10972,92386
10972,92386
10972,92386
10972,92386
10972,92386
10972,92386
10972,92386
10972,92386
10972,92386
10972,92386
10972,92386
10972,92386
10972,92386
10972,92386
10972,92386
10972,92386
10972,92386
10972,92386
10972,92386
10972,92386
10972,92386
10972,92386
10972,92386
10972,92386
10972,92386
10972,92386
10972,92386
10972,92386
10972,92386
10972,92386
10972,92386
10972,92386
10972,92386
10972,92386
10972,92386
10972,92386
10972,92386
10972,92386
10972,92386
10972,92386
10972,92386
10972,92386
10972,92386
10972,92386
10972,92386
10972,92386
10972,92386
10972,92386
10972,92386
10972,92386
10972,92386
10972,92386
10972,92386
10972,92386
10972,92386
10972,92386
10972,92386
10972,92386
10972,92386
10972,92386
10972,92386
10972,92386
10972,92386
10972,92386
10972,92386
10972,92386
10972,92386
10972,92386
10972,92386
10972,92386
10972,92386
10972,92386
10972,92386
10972,92386
10972,92386
10972,92386
10972,92386
10972,92386
10972,92386
10972,92386
10972,92386
10972,92386
10972,92386
10972,92386
10972,92386
10972,92386
10972,92386
10972,92386
10972,92386
10972,92386
10972,92386
10972,92386
10972,92386
10972,92386
10972,92386
10972,92386
10972,92386
10972,92386
10972,92386
10972,92386
10972,92386
10972,92386
10972,92386
10972,92386
10972,92386
10972,92386
10972,92386
10972,92386
10972,92386
10972,92386
10972,92386
10972,92386
10972,92386
10972,92386
10972,92386
10972,92386
10972,92386
10972,92386
10972,92386
10972,92386
10972,92386
10972,92386
10972,92386
10972,92386
10972,92386
10972,92386
10972,92386
10972,92386
10972,92386
10972,92386
10972,92386
10972,92386
10972,92386
10972,92386
10972,92386
10972,92386
10972,92386
10972,92386
10972,92386
10972,92386
10972,92386
10972,92386
10972,92386
10972,92386
10972,92386
10972,92386
10972,92386
10972,92386
10972,92386
10972,92386
10972,92386
10972,92386
10972,92386
10972,92386
10972,92386
10972,92386
10972,92386
10972,92386
10972,92386
10972,92386
10972,92386
10972,92386
10972,92386
10972,92386
10972,92386
10972,92386
10972,92386
10972,92386
10972,92386
10972,92386
10972,92386
10972,92386
10972,92386
10972,92386
10972,92386
10972,92386
10972,92386
10972,92386
10972,92386
10972,92386
10972,92386
10972,92386
10972,92386
10972,92386
10972,92386
10972,92386
10972,92386
10972,92386
10972,92386
10972,92386
10972,92386
10972,92386
10972,92386
10972,92386
10972,92386
10972,92386
10972,92386
10972,92386
10972,92386
10972,92386
10972,92386
10972,92386
10972,92386
10972,92386
10972,92386
10972,92386
10972,92386
10972,92386
10972,92386
10972,92386
10972,92386
10972,92386
10972,92386
10972,92386
10972,92386
10972,92386
10972,92386
10972,92386
10972,92386
10972,92386
10972,92386
10972,92386
10972,92386
10972,92386
10972,92386
10972,92386
10972,92386
10972,92386
10972,92386
10972,92386
10972,92386
10972,92386
10972,92386
10972,92386
10972,92386
10972,92386
10972,92386
10972,92386
10972,92386
10972,92386
10972,92386
10972,92386
10972,92386
10972,92386
10972,92386
10972,92386
10972,92386
10972,92386
10972,92386
10972,92386
10972,92386
10972,92386
10972,92386
10972,92386
10972,92386
10972,92386
10972,92386
10972,92386
10972,92386
10972,92386
10972,92386
10972,92386
10972,92386
10972,92386
10972,92386
10972,92386
10972,92386
10972,92386
10972,92386
10972,92386
10972,92386
10972,92386
10972,92386
10972,92386
10972,92386
10972,92386
10972,92386
10972,92386
10972,92386
10972,92386
10972,92386
10972,92386
10972,92386
10972,92386
10972,92386
10972,92386
10972,92386
10972,92386
10972,92386
10972,92386
10972,92386
10972,92386
10972,92386
10972,92386
10972,92386
10972,92386
10972,92386
10972,92386
10972,92386
10972,92386
10972,92386
10972,92386
10972,92386
10972,92386
10972,92386
10972,92386
10972,92386
10972,92386
10972,92386
10972,92386
10972,92386
10972,92386
10972,92386
10972,92386
10972,92386
10972,92386
10972,92386
10972,92386
10972,92386
10972,92386
10972,92386
10972,92386
10972,92386
10972,92386
10972,92386
10972,92386
10972,92386
10972,92386
10972,92386
10972,92386
10972,92386
10972,92386
10972,92386
10972,92386
10972,92386
10972,92386
10972,92386
10972,92386
10972,92386
10972,92386
10972,92386
10972,92386
10972,92386
10972,92386
10972,92386
10972,92386
10972,92386
10972,92386
10972,92386
10972,92386
10972,92386
10972,92386
10972,92386
10972,92386
10972,92386
10972,92386
10972,92386
10972,92386
10972,92386
10972,92386
10972,92386
10972,92386
10972,92386
10972,92386
10972,92386
10972,92386
10972,92386
10972,92386
10972,92386
10972,92386
10972,92386
10972,92386
10972,92386
10972,92386
10972,92386
10972,92386
10972,92386
10972,92386
10972,92386
10972,92386
10972,92386
10972,92386
10972,92386
10972,92386
10972,92386
10972,92386
10972,92386
10972,92386
10972,92386
10972,92386
10972,92386
10972,92386
10972,92386
10972,92386
10972,92386
10972,92386
10972,92386
10972,92386
10972,92386
10972,92386
10972,92386
10972,92386
10972,92386
10972,92386
10972,92386
10972,92386
10972,92386
10972,92386
10972,92386
10972,92386
10972,92386
10972,92386
10972,92386
10972,92386
10972,92386
10972,92386
10972,92386
10972,92386
10972,92386
10972,92386
10972,92386
10972,92386
10972,92386
10972,92386
10972,92386
10972,92386
10972,92386
10972,92386
10972,92386
10972,92386
10972,92386
10972,92386
10972,92386
10972,92386
10972,92386
10972,92386
10972,92386
10972,92386
10972,92386
10972,92386
10972,92386
10972,92386
10972,92386
10972,92386
10972,92386
10972,92386
10972,92386
10972,92386
10972,92386
10972,92386
10972,92386
10972,92386
10972,92386
10972,92386
10972,92386
10972,92386
10972,92386
10972,92386
10972,92386
10972,92386
10972,92386
10972,92386
10972,92386
10972,92386
10972,92386
10972,92386
10972,92386
10972,92386
10972,92386
10972,92386
10972,92386
10972,92386
10972,92386
10972,92386
10972,92386
10972,92386
10972,92386
10972,92386
10972,92386
10972,92386
10972,92386
10972,92386
10972,92386
10972,92386
10972,92386
10972,92386
10972,92386
10972,92386
10972,92386
10972,92386
10972,92386
10972,92386
10972,92386
10972,92386
10972,92386
10972,92386
10972,92386
10972,92386
10972,92386
10972,92386
10972,92386
10972,92386
10972,92386
10972,92386
10972,92386
10972,92386
10972,92386
10972,92386
10972,92386
10972,92386
10972,92386
10972,92386
10972,92386
10972,92386
10972,92386
10972,92386
10972,92386
10972,92386
10972,92386
10972,92386
10972,92386
10972,92386
10972,92386
10972,92386
10972,92386
10972,92386
10972,92386
10972,92386
10972,92386
10972,92386
10972,92386
10972,92386
10972,92386
10972,92386
10972,92386
10972,92386
10972,92386
10972,92386
10972,92386
10972,92386
10972,92386
10972,92386
10972,92386
10972,92386
10972,92386
10972,92386
10972,92386
10972,92386
10972,92386
10972,92386
10972,92386
10972,92386
10972,92386
10972,92386
10972,92386
10972,92386
10972,92386
10972,92386
10972,92386
10972,92386
10972,92386
10972,92386
10972,92386
10972,92386
10972,92386
10972,92386
10972,92386
10972,92386
10972,92386
10972,92386
10972,92386
10972,92386
10972,92386
10972,92386
10972,92386
10972,92386
10972,92386
10972,92386
10972,92386
10972,92386
10972,92386
10972,92386
10972,92386
10972,92386
10972,92386
10972,92386
10972,92386
10972,92386
10972,92386
10972,92386
10972,92386
10972,92386
10972,92386
10972,92386
10972,92386
10972,92386
10972,92386
10972,92386
10972,92386
10972,92386
10972,92386
10972,92386
10972,92386
10972,92386
10972,92386
10972,92386
10972,92386
10972,92386
10972,92386
10972,92386
10972,92386
10972,92386
10972,92386
10972,92386
10972,92386
10972,92386
10972,92386
10972,92386
10972,92386
10972,92386
10972,92386
10972,92386
10972,92386
10972,92386
10972,92386
10972,92386
10972,92386
10972,92386
10972,92386
10972,92386
10972,92386
10972,92386
10972,92386
10972,92386
10972,92386
10972,92386
10972,92386
10972,92386
10972,92386
10972,92386
10972,92386
10972,92386
10972,92386
10972,92386
10972,92386
10972,92386
10972,92386
10972,92386
10972,92386
10972,92386
10972,92386
10972,92386
10972,92386
10972,92386
10972,92386
10972,92386
10972,92386
10972,92386
10972,92386
10972,92386
10972,92386
10972,92386
10972,92386
10972,92386
10972,92386
10972,92386
10972,92386
10972,92386
10972,92386
10972,92386
10972,92386
10972,92386
10972,92386
10972,92386
10972,92386
10972,92386
10972,92386
10972,92386
10972,92386
10972,92386
10972,92386
10972,92386
10972,92386
10972,92386
10972,92386
10972,92386
10972,92386
10972,92386
10972,92386
10972,92386
10972,92386
10972,92386
10972,92386
10972,92386
10972,92386
10972,92386
10972,92386
10972,92386
10972,92386
10972,92386
10972,92386
10972,92386
10972,92386
10972,92386
10972,92386
10972,92386
10972,92386
10972,92386
10972,92386
10972,92386
10972,92386
10972,92386
10972,92386
10972,92386
10972,92386
10972,92386
10972,92386
10972,92386
10972,92386
10972,92386
10972,92386
10972,92386
10972,92386
10972,92386
10972,92386
10972,92386
10972,92386
10972,92386
10972,92386
10972,92386
10972,92386
10972,92386
10972,92386
10972,92386
10972,92386
10972,92386
10972,92386
10972,92386
10972,92386
10972,92386
10972,92386
10972,92386
10972,92386
10972,92386
10972,92386
10972,92386
10972,92386
10972,92386
10972,92386
10972,92386
10972,92386
10972,92386
10972,92386
10972,92386
10972,92386
10972,92386
10972,92386
10972,92386
10972,92386
10972,92386
10972,92386
10972,92386
10972,92386
10972,92386
10972,92386
10972,92386
10972,92386
10972,92386
10972,92386
10972,92386
10972,92386
10972,92386
10972,92386
10972,92386
10972,92386
10972,92386
10972,92386
10972,92386
10972,92386
10972,92386
10972,92386
10972,92386
10972,92386
10972,92386
10972,92386
10972,92386
10972,92386
10972,92386
10972,92386
10972,92386
10972,92386
10972,92386
10972,92386
10972,92386
10972,92386
10972,92386
10972,92386
10972,92386
10972,92386
10972,92386
10972,92386
10972,92386
10972,92386
10972,92386
10972,92386
10972,92386
10972,92386
10972,92386
10972,92386
10972,92386
10972,92386
10972,92386
10972,92386
10972,92386
10972,92386
10972,92386
10972,92386
10972,92386
10972,92386
10972,92386
10972,92386
10972,92386
10972,92386
10972,92386
10972,92386
10972,92386
10972,92386
10972,92386
10972,92386
10972,92386
10972,92386
10972,92386
10972,92386
10972,92386
10972,92386
10972,92386
10972,92386
10972,92386
10972,92386
10972,92386
10972,92386
10972,92386
10972,92386
10972,92386
10972,92386
10972,92386
10972,92386
10972,92386
10972,92386
10972,92386
10972,92386
10972,92386
10972,92386
10972,92386
10972,92386
10972,92386
10972,92386
10972,92386
10972,92386
10972,92386
10972,92386
10972,92386
10972,92386
10972,92386
10972,92386
10972,92386
10972,92386
10972,92386
10972,92386
10972,92386
10972,92386
10972,92386
10972,92386
10972,92386
10972,92386
10972,92386
10972,92386
10972,92386
10972,92386
10972,92386
10972,92386
10972,92386
10972,92386
10972,92386
10972,92386
10972,92386
10972,92386
10972,92386
10972,92386
10972,92386
10972,92386
10972,92386
10972,92386
10972,92386
10972,92386
10972,92386
10972,92386
10972,92386
10972,92386
10972,92386
10972,92386
10972,92386
10972,92386
10972,92386
10972,92386
10972,92386
10972,92386
10972,92386
10972,92386
10972,92386
10972,92386
10972,92386
10972,92386
10972,92386
10972,92386
10972,92386
10972,92386
10972,92386
10972,92386
10972,92386
10972,92386
10972,92386
10972,92386
10972,92386
10972,92386
10972,92386
10972,92386
10972,92386
10972,92386
10972,92386
10972,92386
10972,92386
10972,92386
10972,92386
10972,92386
10972,92386
10972,92386
10972,92386
10972,92386
10972,92386
10972,92386
10972,92386
10972,92386
10972,92386
10972,92386
10972,92386
10972,92386
10972,92386
10972,92386
10972,92386
10972,92386
10972,92386
10972,92386
10972,92386
10972,92386
10972,92386
10972,92386
10972,92386
10972,92386
10972,92386
10972,92386
10972,92386
10972,92386
10972,92386
10972,92386
10972,92386
10972,92386
10972,92386
10972,92386
10972,92386
10972,92386
10972,92386
10972,92386
10972,92386
10972,92386
10972,92386
10972,92386
10972,92386
10972,92386
10972,92386
10972,92386
10972,92386
10972,92386
10972,92386
10972,92386
10972,92386
10972,92386
10972,92386
10972,92386
10972,92386
10972,92386
10972,92386
10972,92386
10972,92386
10972,92386
10972,92386
10972,92386
10972,92386
10972,92386
10972,92386
10972,92386
10972,92386
10972,92386
10972,92386
10972,92386
10972,92386
10972,92386
10972,92386
10972,92386
10972,92386
10972,92386
10972,92386
10972,92386
10972,92386
10972,92386
10972,92386
10972,92386
10972,92386
10972,92386
10972,92386
10972,92386
10972,92386
10972,92386
10972,92386
10972,92386
10972,92386
10972,92386
10972,92386
10972,92386
10972,92386
10972,92386
10972,92386
10972,92386
10972,92386
10972,92386
10972,92386
10972,92386
10972,92386
10972,92386
10972,92386
10972,92386
10972,92386
10972,92386
10972,92386
10972,92386
10972,92386
10972,92386
10972,92386
10972,92386
10972,92386
10972,92386
10972,92386
10972,92386
10972,92386
10972,92386
10972,92386
10972,92386
10972,92386
10972,92386
10972,92386
10972,92386
10972,92386
10972,92386
10972,92386
10972,92386
10972,92386
10972,92386
10972,92386
10972,92386
10972,92386
10972,92386
10972,92386
10972,92386
10972,92386
10972,92386
10972,92386
10972,92386
10972,92386
10972,92386
10972,92386
10972,92386
10972,92386
10972,92386
10972,92386
10972,92386
10972,92386
10972,92386
10972,92386
10972,92386
10972,92386
10972,92386
10972,92386
10972,92386
10972,92386
10972,92386
10972,92386
10972,92386
10972,92386
10972,92386
10972,92386
10972,92386
10972,92386
10972,92386
10972,92386
10972,92386
10972,92386
10972,92386
10972,92386
10972,92386
10972,92386
10972,92386
10972,92386
10972,92386
10972,92386
10972,92386
10972,92386
10972,92386
10972,92386
10972,92386
10972,92386
10972,92386
10972,92386
10972,92386
10972,92386
10972,92386
10972,92386
10972,92386
10972,92386
10972,92386
10972,92386
10972,92386
10972,92386
10972,92386
10972,92386
10972,92386
10972,92386
10972,92386
10972,92386
10972,92386
10972,92386
10972,92386
10972,92386
10972,92386
10972,92386
10972,92386
10972,92386
10972,92386
10972,92386
10972,92386
10972,92386
10972,92386
10972,92386
10972,92386
10972,92386
10972,92386
10972,92386
10972,92386
10972,92386
10972,92386
10972,92386
10972,92386
10972,92386
10972,92386
10972,92386
10972,92386
10972,92386
10972,92386
10972,92386
10972,92386
10972,92386
10972,92386
10972,92386
10972,92386
10972,92386
10972,92386
10972,92386
10972,92386
10972,92386
10972,92386
10972,92386
10972,92386
10972,92386
10972,92386
10972,92386
10972,92386
10972,92386
10972,92386
10972,92386
10972,92386
10972,92386
10972,92386
10972,92386
10972,92386
10972,92386
10972,92386
10972,92386
10972,92386
10972,92386
10972,92386
10972,92386
10972,92386
10972,92386
10972,92386
10972,92386
10972,92386
10972,92386
10972,92386
10972,92386
10972,92386
10972,92386
10972,92386
10972,92386
10972,92386
10972,92386
10972,92386
10972,92386
10972,92386
10972,92386
10972,92386
10972,92386
10972,92386
10972,92386
10972,92386
10972,92386
10972,92386
10972,92386
10972,92386
10972,92386
10972,92386
10972,92386
10972,92386
10972,92386
10972,92386
10972,92386
10972,92386
10972,92386
10972,92386
10972,92386
10972,92386
10972,92386
10972,92386
10972,92386
10972,92386
10972,92386
10972,92386
10972,92386
10972,92386
10972,92386
10972,92386
10972,92386
10972,92386
10972,92386
10972,92386
10972,92386
10972,92386
10972,92386
10972,92386
10972,92386
10972,92386
10972,92386
10972,92386
10972,92386
10972,92386
10972,92386
10972,92386
10972,92386
10972,92386
10972,92386
10972,92386
10972,92386
10972,92386
10972,92386
10972,92386
10972,92386
10972,92386
10972,92386
10972,92386
10972,92386
10972,92386
10972,92386
10972,92386
10972,92386
10972,92386
10972,92386
10972,92386
10972,92386
10972,92386
10972,92386
10972,92386
10972,92386
10972,92386
10972,92386
10972,92386
10972,92386
10972,92386
10972,92386
10972,92386
10972,92386
10972,92386
10972,92386
10972,92386
10972,92386
10972,92386
10972,92386
10972,92386
10972,92386
10972,92386
10972,92386
10972,92386
10972,92386
10972,92386
10972,92386
10972,92386
10972,92386
10972,92386
10972,92386
10972,92386
10972,92386
10972,92386
10972,92386
10972,92386
10972,92386
10972,92386
10972,92386
10972,92386
10972,92386
10972,92386
10972,92386
10972,92386
10972,92386
10972,92386
10972,92386
10972,92386
10972,92386
10972,92386
10972,92386
10972,92386
10972,92386
10972,92386
10972,92386
10972,92386
10972,92386
10972,92386
10972,92386
10972,92386
10972,92386
10972,92386
10972,92386
10972,92386
10972,92386
10972,92386
10972,92386
10972,92386
10972,92386
10972,92386
10972,92386
10972,92386
10972,92386
10972,92386
10972,92386
10972,92386
10972,92386
10972,92386
10972,92386
10972,92386
10972,92386
10972,92386
10972,92386
10972,92386
10972,92386
10972,92386
10972,92386
10972,92386
10972,92386
10972,92386
10972,92386
10972,92386
10972,92386
10972,92386
10972,92386
10972,92386
10972,92386
10972,92386
10972,92386
10972,92386
10972,92386
10972,92386
10972,92386
10972,92386
10972,92386
10972,92386
10972,92386
10972,92386
10972,92386
10972,92386
10972,92386
10972,92386
10972,92386
10972,92386
10972,92386
10972,92386
10972,92386
10972,92386
10972,92386
10972,92386
10972,92386
10972,92386
10972,92386
10972,92386
10972,92386
10972,92386
10972,92386
10972,92386
10972,92386
10972,92386
10972,92386
10972,92386
10972,92386
10972,92386
10972,92386
10972,92386
10972,92386
10972,92386
10972,92386
10972,92386
10972,92386
10972,92386
10972,92386
10972,92386
10972,92386
10972,92386
10972,92386
10972,92386
10972,92386
10972,92386
10972,92386
10972,92386
10972,92386
10972,92386
10972,92386
10972,92386
10972,92386
10972,92386
10972,92386
10972,92386
10972,92386
10972,92386
10972,92386
10972,92386
10972,92386
10972,92386
10972,92386
10972,92386
10972,92386
10972,92386
10972,92386
10972,92386
10972,92386
10972,92386
10972,92386
10972,92386
10972,92386
10972,92386
10972,92386
10972,92386
10972,92386
10972,92386
10972,92386
10972,92386
10972,92386
10972,92386
10972,92386
10972,92386
10972,92386
10972,92386
10972,92386
10972,92386
10972,92386
10972,92386
10972,92386
10972,92386
10972,92386
10972,92386
10972,92386
10972,92386
10972,92386
10972,92386
10972,92386
10972,92386
10972,92386
10972,92386
10972,92386
10972,92386
10972,92386
10972,92386
10972,92386
10972,92386
10972,92386
10972,92386
10972,92386
10972,92386
10972,92386
10972,92386
10972,92386
10972,92386
10972,92386
10972,92386
10972,92386
10972,92386
10972,92386
10972,92386
10972,92386
10972,92386
10972,92386
10972,92386
10972,92386
10972,92386
10972,92386
10972,92386
10972,92386
10972,92386
10972,92386
10972,92386
10972,92386
10972,92386
10972,92386
10972,92386
10972,92386
10972,92386
10972,92386
10972,92386
10972,92386
10972,92386
10972,92386
10972,92386
10972,92386
10972,92386
10972,92386
10972,92386
10972,92386
10972,92386
10972,92386
10972,92386
10972,92386
10972,92386
10972,92386
10972,92386
10972,92386
10972,92386
10972,92386
10972,92386
10972,92386
10972,92386
10972,92386
10972,92386
10972,92386
10972,92386
10972,92386
10972,92386
10972,92386
10972,92386
10972,92386
10972,92386
10972,92386
10972,92386
10972,92386
10972,92386
10972,92386
10972,92386
10972,92386
10972,92386
10972,92386
10972,92386
10972,92386
10972,92386
10972,92386
10972,92386
10972,92386
10972,92386
10972,92386
10972,92386
10972,92386
10972,92386
10972,92386
10972,92386
10972,92386
10972,92386
10972,92386
10972,92386
10972,92386
10972,92386
10972,92386
10972,92386
10972,92386
10972,92386
10972,92386
10972,92386
10972,92386
10972,92386
10972,92386
10972,92386
10972,92386
10972,92386
10972,92386
10972,92386
10972,92386
10972,92386
10972,92386
10972,92386
10972,92386
10972,92386
10972,92386
10972,92386
10972,92386
10972,92386
10972,92386
10972,92386
10972,92386
10972,92386
10972,92386
10972,92386
10972,92386
10972,92386
10972,92386
10972,92386
10972,92386
10972,92386
10972,92386
10972,92386
10972,92386
10972,92386
10972,92386
10972,92386
10972,92386
10972,92386
10972,92386
10972,92386
10972,92386
10972,92386
10972,92386
10972,92386
10972,92386
10972,92386
10972,92386
10972,92386
10972,92386
10972,92386
10972,92386
10972,92386
10972,92386
10972,92386
10972,92386
10972,92386
10972,92386
10972,92386
10972,92386
10972,92386
10972,92386
10972,92386
10972,92386
10972,92386
10972,92386
10972,92386
10972,92386
10972,92386
10972,92386
10972,92386
10972,92386
10972,92386
10972,92386
10972,92386
10972,92386
10972,92386
10972,92386
10972,92386
10972,92386
10972,92386
10972,92386
10972,92386
10972,92386
10972,92386
10972,92386
10972,92386
10972,92386
10972,92386
10972,92386
10972,92386
10972,92386
10972,92386
10972,92386
10972,92386
10972,92386
10972,92386
10972,92386
10972,92386
10972,92386
10972,92386
10972,92386
10972,92386
10972,92386
10972,92386
10972,92386
10972,92386
10972,92386
10972,92386
10972,92386
10972,92386
10972,92386
10972,92386
10972,92386
10972,92386
10972,92386
10972,92386
10972,92386
10972,92386
10972,92386
10972,92386
10972,92386
10972,92386
10972,92386
10972,92386
10972,92386
10972,92386
10972,92386
10972,92386
10972,92386
10972,92386
10972,92386
10972,92386
10972,92386
10972,92386
10972,92386
10972,92386
10972,92386
10972,92386
10972,92386
10972,92386
10972,92386
10972,92386
10972,92386
10972,92386
10972,92386
10972,92386
10972,92386
10972,92386
10972,92386
10972,92386
10972,92386
10972,92386
10972,92386
10972,92386
10972,92386
10972,92386
10972,92386
10972,92386
10972,92386
10972,92386
10972,92386
10972,92386
10972,92386
10972,92386
10972,92386
10972,92386
10972,92386
10972,92386
10972,92386
10972,92386
10972,92386
10972,92386
10972,92386
10972,92386
10972,92386
10972,92386
10972,92386
10972,92386
10972,92386
10972,92386
10972,92386
10972,92386
10972,92386
10972,92386
10972,92386
10972,92386
10972,92386
10972,92386
10972,92386
10972,92386
10972,92386
10972,92386
10972,92386
10972,92386
10972,92386
10972,92386
10972,92386
10972,92386
10972,92386
10972,92386
10972,92386
10972,92386
10972,92386
10972,92386
10972,92386
10972,92386
10972,92386
10972,92386
10972,92386
10972,92386
10972,92386
10972,92386
10972,92386
10972,92386
10972,92386
10972,92386
10972,92386
10972,92386
10972,92386
10972,92386
10972,92386
10972,92386
10972,92386
10972,92386
10972,92386
10972,92386
10972,92386
10972,92386
10972,92386
10972,92386
10972,92386
10972,92386
10972,92386
10972,92386
10972,92386
10972,92386
10972,92386
10972,92386
10972,92386
10972,92386
10972,92386
10972,92386
10972,92386
10972,92386
10972,92386
10972,92386
10972,92386
10972,92386
10972,92386
10972,92386
10972,92386
10972,92386
10972,92386
10972,92386
10972,92386
10972,92386
10972,92386
10972,92386
10972,92386
10972,92386
10972,92386
10972,92386
10972,92386
10972,92386
10972,92386
10972,92386
10972,92386
10972,92386
10972,92386
10972,92386
10972,92386
10972,92386
10972,92386
10972,92386
10972,92386
10972,92386
10972,92386
10972,92386
10972,92386
10972,92386
10972,92386
10972,92386
10972,92386
10972,92386
10972,92386
10972,92386
10972,92386
10972,92386
10972,92386
10972,92386
10972,92386
10972,92386
10972,92386
10972,92386
10972,92386
10972,92386
10972,92386
10972,92386
10972,92386
10972,92386
10972,92386
10972,92386
10972,92386
10972,92386
10972,92386
10972,92386
10972,92386
10972,92386
10972,92386
10972,92386
10972,92386
10972,92386
10972,92386
10972,92386
10972,92386
10972,92386
10972,92386
10972,92386
10972,92386
10972,92386
10972,92386
10972,92386
10972,92386
10972,92386
10972,92386
10972,92386
10972,92386
10972,92386
10972,92386
10972,92386
10972,92386
10972,92386
10972,92386
10972,92386
10972,92386
10972,92386
10972,92386
10972,92386
10972,92386
10972,92386
10972,92386
10972,92386
10972,92386
10972,92386
10972,92386
10972,92386
10972,92386
10972,92386
10972,92386
10972,92386
10972,92386
10972,92386
10972,92386
10972,92386
10972,92386
10972,92386
10972,92386
10972,92386
10972,92386
10972,92386
10972,92386
10972,92386
10972,92386
10972,92386
10972,92386
10972,92386
10972,92386
10972,92386
10972,92386
10972,92386
10972,92386
10972,92386
10972,92386
10972,92386
10972,92386
10972,92386
10972,92386
10972,92386
10972,92386
10972,92386
10972,92386
10972,92386
10972,92386
10972,92386
10972,92386
10972,92386
10972,92386
10972,92386
10972,92386
10972,92386
10972,92386
10972,92386
10972,92386
10972,92386
10972,92386
10972,92386
10972,92386
10972,92386
10972,92386
10972,92386
10972,92386
10972,92386
10972,92386
10972,92386
10972,92386
10972,92386
10972,92386
10972,92386
10972,92386
10972,92386
10972,92386
10972,92386
10972,92386
10972,92386
10972,92386
10972,92386
10972,92386
10972,92386
10972,92386
10972,92386
10972,92386
10972,92386
10972,92386
10972,92386
10972,92386
10972,92386
10972,92386
10972,92386
10972,92386
10972,92386
10972,92386
10972,92386
10972,92386
10972,92386
10972,92386
10972,92386
10972,92386
10972,92386
10972,92386
10972,92386
10972,92386
10972,92386
10972,92386
10972,92386
10972,92386
10972,92386
10972,92386
10972,92386
10972,92386
10972,92386
10972,92386
10972,92386
10972,92386
10972,92386
10972,92386
10972,92386
10972,92386
10972,92386
10972,92386
10972,92386
10972,92386
10972,92386
10972,92386
10972,92386
10972,92386
10972,92386
10972,92386
10972,92386
10972,92386
10972,92386
10972,92386
10972,92386
10972,92386
10972,92386
10972,92386
10972,92386
10972,92386
10972,92386
10972,92386
10972,92386
10972,92386
10972,92386
10972,92386
10972,92386
10972,92386
10972,92386
10972,92386
10972,92386
10972,92386
10972,92386
10972,92386
10972,92386
10972,92386
10972,92386
10972,92386
10972,92386
10972,92386
10972,92386
10972,92386
10972,92386
10972,92386
10972,92386
10972,92386
10972,92386
10972,92386
10972,92386
10972,92386
10972,92386
10972,92386
10972,92386
10972,92386
10972,92386
10972,92386
