Variance	Mean
0.0016485224	0.003971
0.0016336158	0.0039690536
0.0016188909	0.0039671067
0.0016043547	0.0039651603
0.0015900003	0.0039632134
0.0015758345	0.003961267
0.001561854	0.0039593206
0.0015480554	0.0039573737
0.0015344453	0.0039554273
0.0015210172	0.0039534804
0.0015077775	0.003951534
0.0014947231	0.0039495876
0.0014818508	0.0039476407
0.0014691668	0.0039456943
0.0014566678	0.0039437478
0.0014443514	0.003941801
0.001432223	0.0039398546
0.0014202769	0.0039379077
0.001408519	0.0039359613
0.0013969462	0.0039340148
0.0013855561	0.003932068
0.0013743538	0.0039301216
0.001363334	0.0039281747
0.0013525021	0.0039262282
0.0013418555	0.0039242818
0.0013313915	0.0039223349
0.0013211153	0.0039203885
0.0013110219	0.0039184417
0.0013011161	0.0039164952
0.0012913954	0.0039145488
0.0012818579	0.0039126019
0.0012725077	0.0039106555
0.0012633428	0.0039087091
0.0012543609	0.0039067622
0.0012455654	0.0039048156
0.001236956	0.0039028692
0.0012285309	0.0039009225
0.0012202912	0.0038989759
0.0012122365	0.0038970292
0.0012043681	0.0038950828
0.001196684	0.0038931362
0.001189185	0.0038911895
0.0011818714	0.0038892428
0.001174743	0.0038872962
0.0011678007	0.0038853498
0.0011610427	0.0038834031
0.00115447	0.0038814565
0.0011480825	0.0038795098
0.0011418811	0.0038775634
0.001135864	0.0038756168
0.0011300323	0.0038736701
0.0011243858	0.0038717235
0.0011189245	0.0038697768
0.0011136491	0.0038678304
0.0011085583	0.0038658838
0.0011036527	0.0038639371
0.0010989321	0.0038619904
0.001094334	0.0038600426
0.0010898095	0.0038580946
0.0010853592	0.0038561466
0.0010809831	0.0038541986
0.0010766719	0.0038522494
0.0010723876	0.0038502997
0.0010681252	0.0038483497
0.0010638851	0.0038463997
0.0010596674	0.0038444497
0.0010554725	0.0038425
0.0010512995	0.00384055
0.0010471487	0.0038386
0.0010430204	0.00383665
0.0010389144	0.0038347
0.0010348312	0.0038327503
0.0010307699	0.0038308003
0.0010267309	0.0038288503
0.0010227143	0.0038269003
0.00101872	0.0038249503
0.0010147485	0.0038230006
0.0010107989	0.0038210506
0.0010068717	0.0038191006
0.0010029668	0.0038171506
0.0009990847	0.0038152008
0.0009952244	0.0038132509
0.0009913866	0.0038113009
0.000987571	0.0038093509
0.0009837778	0.0038074009
0.0009800074	0.0038054511
0.0009762589	0.0038035011
0.0009725328	0.0038015512
0.000968829	0.0037996012
0.000965148	0.0037976514
0.0009614888	0.0037957014
0.0009578521	0.0037937514
0.0009542376	0.0037918015
0.0009506455	0.0037898515
0.0009470762	0.0037879017
0.0009435288	0.0037859517
0.0009400037	0.0037840017
0.0009365011	0.0037820517
0.0009330211	0.003780102
0.0009295631	0.003778152
0.0009261274	0.003776202
0.0009227141	0.003774252
0.0009193232	0.0037723021
0.0009159549	0.0037703523
0.0009126086	0.0037684023
0.0009092847	0.0037664523
0.0009059831	0.0037645023
0.0009027042	0.0037625526
0.0008994472	0.0037606026
0.0008962127	0.0037586526
0.0008930004	0.0037567026
0.0008898106	0.0037547526
0.0008866434	0.0037528028
0.0008834982	0.0037508529
0.0008803754	0.0037489029
0.0008772749	0.0037469529
0.0008741971	0.0037450031
0.0008711413	0.0037430532
0.0008681078	0.0037411031
0.0008650967	0.0037391532
0.0008621079	0.0037372032
0.0008591418	0.0037352534
0.0008561977	0.0037333034
0.000853276	0.0037313534
0.0008503766	0.0037294034
0.0008474995	0.0037274535
0.000844643	0.0037255043
0.0008418047	0.0037235548
0.0008389848	0.0037216054
0.0008361835	0.0037196559
0.000833401	0.0037177067
0.0008306367	0.0037157572
0.000827891	0.0037138078
0.0008251638	0.0037118583
0.0008224549	0.0037099088
0.000819765	0.0037079596
0.0008170934	0.0037060102
0.0008144402	0.0037040607
0.0008118055	0.0037021113
0.0008091896	0.003700162
0.000806592	0.0036982126
0.0008040128	0.0036962631
0.0008014522	0.0036943137
0.0007989101	0.0036923642
0.0007963868	0.003690415
0.0007938818	0.0036884655
0.0007913952	0.0036865161
0.0007889271	0.0036845666
0.0007864779	0.0036826174
0.0007840469	0.0036806679
0.0007816344	0.0036787185
0.0007792404	0.0036767691
0.0007768649	0.0036748195
0.0007745082	0.0036728703
0.0007721698	0.0036709209
0.0007698499	0.0036689714
0.0007675485	0.003667022
0.0007652659	0.0036650727
0.0007630015	0.0036631233
0.0007607556	0.0036611738
0.0007585282	0.0036592244
0.0007563194	0.0036572749
0.0007541294	0.0036553257
0.0007519576	0.0036533763
0.0007498043	0.0036514267
0.0007476695	0.0036494773
0.0007455533	0.0036475279
0.0007434558	0.0036455786
0.0007413765	0.0036436292
0.0007393158	0.0036416797
0.0007372736	0.0036397302
0.0007352502	0.0036377811
0.000733245	0.0036358316
0.0007312584	0.0036338821
0.0007292902	0.0036319327
0.0007273406	0.0036299832
0.0007254097	0.003628034
0.0007234972	0.0036260845
0.0007216031	0.0036241351
0.0007197275	0.0036221856
0.0007178707	0.0036202364
0.0007160322	0.003618287
0.0007142121	0.0036163374
0.0007124106	0.003614388
0.0007106277	0.0036124386
0.0007088634	0.0036104893
0.0007071175	0.0036085399
0.00070539	0.0036065904
0.0007036811	0.0036046409
0.0007019909	0.0036026917
0.000700319	0.0036007423
0.0006986656	0.0035987928
0.0006970308	0.0035968434
0.0006954144	0.0035948939
0.0006938168	0.0035929447
0.0006922375	0.0035909952
0.0006906767	0.0035890458
0.0006891344	0.0035870963
0.0006876108	0.0035851471
0.0006861055	0.0035831976
0.0006846188	0.0035812482
0.0006831506	0.0035792987
0.0006817009	0.0035773493
0.0006802699	0.0035754001
0.0006788572	0.0035734506
0.000677463	0.0035715011
0.0006760873	0.0035695517
0.0006747304	0.0035676024
0.0006733901	0.0035656519
0.0006720612	0.0035637009
0.0006707434	0.0035617498
0.0006694367	0.0035597988
0.0006681411	0.0035578479
0.0006668565	0.0035558969
0.0006655829	0.0035539459
0.0006643203	0.0035519948
0.0006630688	0.0035500437
0.0006618285	0.0035480929
0.0006605991	0.0035461419
0.0006593808	0.0035441909
0.0006581734	0.0035422398
0.0006569774	0.003540289
0.0006557921	0.0035383379
0.000654618	0.0035363869
0.0006534549	0.0035344358
0.0006523028	0.0035324848
0.000651162	0.003530534
0.000650032	0.003528583
0.0006489131	0.0035266319
0.0006478052	0.0035246808
0.0006467086	0.00352273
0.0006456228	0.003520779
0.0006445481	0.0035188279
0.0006434845	0.0035168769
0.0006424318	0.0035149258
0.0006413904	0.003512975
0.0006403599	0.003511024
0.0006393404	0.0035090729
0.0006383321	0.0035071219
0.0006373348	0.003505171
0.0006363485	0.00350322
0.0006353732	0.003501269
0.000634409	0.0034993179
0.0006334559	0.0034973669
0.0006325139	0.003495416
0.0006315828	0.003493465
0.0006306628	0.003491514
0.0006297538	0.0034895629
0.000628856	0.0034876121
0.0006279692	0.0034856611
0.0006270919	0.0034837095
0.0006262215	0.0034817578
0.0006253579	0.0034798061
0.0006245011	0.0034778547
0.0006236509	0.003475903
0.0006228074	0.0034739513
0.0006219708	0.0034719996
0.0006211408	0.0034700479
0.0006203177	0.0034680964
0.0006195012	0.0034661447
0.0006186915	0.0034641931
0.0006178886	0.0034622414
0.0006170924	0.0034602899
0.0006163029	0.0034583382
0.0006155202	0.0034563865
0.0006147442	0.0034544348
0.0006139749	0.0034524831
0.0006132125	0.0034505317
0.0006124567	0.00344858
0.0006117076	0.0034466283
0.0006109653	0.0034446766
0.0006102299	0.0034427252
0.0006095011	0.0034407735
0.000608779	0.0034388218
0.0006080637	0.0034368701
0.0006073551	0.0034349184
0.0006066533	0.0034329669
0.0006059582	0.0034310153
0.0006052699	0.0034290635
0.0006045883	0.0034271119
0.0006039135	0.0034251604
0.0006032453	0.0034232087
0.000602584	0.003421257
0.0006019293	0.0034193053
0.0006012814	0.0034173537
0.0006006403	0.0034154022
0.0006000059	0.0034134505
0.0005993782	0.0034114988
0.0005987573	0.0034095471
0.0005981432	0.0034075957
0.0005975358	0.003405644
0.0005969351	0.0034036923
0.0005963411	0.0034017406
0.0005957539	0.0033997889
0.0005951735	0.0033978375
0.0005945997	0.0033958857
0.0005940327	0.0033939341
0.0005934725	0.0033919824
0.000592919	0.0033900309
0.0005923723	0.0033880792
0.0005918323	0.0033861276
0.000591299	0.0033841759
0.0005907725	0.0033822242
0.0005902527	0.0033802727
0.0005897397	0.0033783211
0.0005892334	0.0033763693
0.0005887338	0.0033744177
0.000588241	0.003372466
0.000587755	0.0033705145
0.0005872756	0.0033685628
0.000586803	0.0033666111
0.0005863372	0.0033646594
0.0005858761	0.003362708
0.0005854162	0.0033607563
0.0005849575	0.0033588046
0.0005844999	0.0033568529
0.0005840434	0.0033549013
0.0005835881	0.0033529498
0.0005831339	0.0033509982
0.0005826809	0.0033490465
0.000582229	0.0033470948
0.0005817782	0.0033451434
0.0005813286	0.0033431917
0.00058088	0.00334124
0.0005804326	0.0033392883
0.0005799862	0.0033373366
0.0005795406	0.0033353851
0.0005790959	0.0033334334
0.0005786521	0.0033314817
0.0005782092	0.00332953
0.0005777673	0.0033275785
0.0005773262	0.0033256268
0.000576886	0.003323675
0.0005764467	0.0033217233
0.0005760083	0.0033197716
0.0005755708	0.0033178201
0.0005751342	0.0033158684
0.0005746985	0.0033139167
0.0005742637	0.003311965
0.0005738298	0.0033100135
0.0005733968	0.0033080618
0.0005729646	0.00330611
0.0005725334	0.0033041583
0.0005721031	0.0033022066
0.0005716737	0.0033002552
0.0005712451	0.0032983035
0.0005708175	0.0032963517
0.0005703908	0.0032944
0.000569965	0.0032924485
0.00056954	0.0032904968
0.000569116	0.0032885451
0.0005686928	0.0032865934
0.0005682705	0.0032846417
0.0005678492	0.0032826902
0.0005674288	0.0032807385
0.0005670092	0.0032787868
0.0005665905	0.003276835
0.0005661728	0.0032748833
0.0005657559	0.0032729319
0.00056534	0.0032709802
0.0005649249	0.0032690284
0.0005645107	0.0032670767
0.0005640974	0.0032651252
0.0005636851	0.0032631735
0.0005632736	0.0032612218
0.000562863	0.0032592701
0.0005624533	0.0032573184
0.0005620445	0.0032553669
0.0005616366	0.0032534152
0.0005612296	0.0032514634
0.0005608235	0.0032495117
0.0005604184	0.0032475602
0.000560014	0.0032456085
0.0005596106	0.0032436568
0.0005592081	0.0032417051
0.0005588065	0.0032397534
0.0005584058	0.0032378019
0.000558006	0.0032358502
0.0005576071	0.0032338984
0.000557209	0.0032319467
0.0005568119	0.0032299952
0.0005564157	0.0032280435
0.0005560204	0.0032260918
0.0005556259	0.0032241401
0.0005552324	0.0032221884
0.0005548398	0.0032202369
0.000554448	0.0032182852
0.0005540572	0.0032163335
0.0005536672	0.0032143817
0.0005532782	0.0032124303
0.00055289	0.0032104786
0.0005525028	0.0032085269
0.0005521164	0.0032065752
0.0005517309	0.0032046234
0.0005513464	0.0032026719
0.0005509627	0.0032007203
0.00055058	0.0031987685
0.0005501981	0.0031968168
0.0005498171	0.0031948651
0.0005494371	0.0031929136
0.0005490579	0.003190962
0.0005486796	0.0031890102
0.0005483023	0.0031870585
0.0005479258	0.003185107
0.0005475503	0.0031831553
0.0005471756	0.0031812036
0.0005468018	0.0031792519
0.0005464289	0.0031773002
0.000546057	0.0031753487
0.000545686	0.003173397
0.0005453158	0.0031714453
0.0005449465	0.0031694936
0.0005445782	0.0031675421
0.0005442108	0.0031655905
0.0005438442	0.0031636387
0.0005434785	0.003161687
0.0005431138	0.0031597353
0.00054275	0.0031577838
0.000542387	0.0031558321
0.000542025	0.0031538804
0.0005416638	0.0031519287
0.0005413036	0.0031499772
0.0005409443	0.0031480255
0.0005405858	0.0031460738
0.0005402283	0.003144122
0.0005398719	0.0031421701
0.0005395165	0.0031402184
0.000539162	0.0031382665
0.0005388086	0.0031363146
0.0005384562	0.0031343627
0.0005381049	0.0031324111
0.0005377546	0.0031304591
0.0005374053	0.0031285073
0.000537057	0.0031265556
0.0005367092	0.0031246042
0.000536362	0.0031226531
0.0005360151	0.0031207018
0.0005356687	0.0031187504
0.0005353227	0.0031167991
0.0005349771	0.003114848
0.000534632	0.0031128966
0.0005342872	0.0031109453
0.0005339429	0.0031089939
0.0005335991	0.0031070426
0.0005332557	0.0031050914
0.0005329127	0.0031031401
0.0005325701	0.0031011887
0.0005322279	0.0030992374
0.0005318862	0.003097286
0.000531545	0.003095335
0.0005312041	0.0030933837
0.0005308637	0.0030914323
0.0005305237	0.003089481
0.0005301841	0.0030875298
0.000529845	0.0030855785
0.0005295063	0.0030836271
0.000529168	0.0030816758
0.0005288301	0.0030797244
0.0005284927	0.0030777733
0.0005281557	0.003075822
0.0005278192	0.0030738706
0.000527483	0.0030719193
0.0005271473	0.0030699682
0.0005268121	0.0030680168
0.0005264772	0.0030660655
0.0005261428	0.0030641142
0.0005258088	0.0030621628
0.0005254752	0.0030602117
0.0005251421	0.0030582604
0.0005248094	0.003056309
0.0005244771	0.0030543577
0.0005241453	0.0030524065
0.0005238139	0.0030504552
0.0005234829	0.0030485038
0.0005231523	0.0030465525
0.0005228221	0.0030446011
0.0005224925	0.0030426501
0.0005221632	0.0030406987
0.0005218344	0.0030387474
0.0005215059	0.0030367961
0.000521178	0.0030348449
0.0005208504	0.0030328936
0.0005205233	0.0030309422
0.0005201966	0.0030289909
0.0005198703	0.0030270395
0.0005195445	0.0030250884
0.0005192191	0.0030231371
0.0005188941	0.0030211857
0.0005185695	0.0030192344
0.0005182454	0.003017283
0.0005179217	0.003015332
0.0005175984	0.0030133806
0.0005172756	0.0030114292
0.0005169532	0.0030094778
0.0005166312	0.0030075268
0.0005163097	0.0030055754
0.0005159885	0.0030036241
0.0005156678	0.0030016728
0.0005153475	0.0029997214
0.0005150277	0.0029977703
0.0005147083	0.0029958189
0.0005143893	0.0029938676
0.0005140708	0.0029919162
0.0005137526	0.002989965
0.0005134346	0.0029880136
0.000513117	0.002986062
0.0005127996	0.0029841106
0.0005124826	0.0029821592
0.000512166	0.0029802079
0.0005118496	0.0029782565
0.0005115335	0.002976305
0.0005112177	0.0029743536
0.0005109023	0.0029724024
0.0005105871	0.002970451
0.0005102722	0.0029684994
0.0005099577	0.002966548
0.0005096435	0.0029645966
0.0005093296	0.0029626453
0.000509016	0.002960694
0.0005087027	0.0029587425
0.0005083897	0.0029567911
0.000508077	0.0029548398
0.0005077646	0.0029528883
0.0005074525	0.0029509369
0.0005071407	0.0029489855
0.0005068292	0.002947034
0.0005065181	0.0029450828
0.0005062071	0.0029431314
0.0005058965	0.0029411799
0.0005055862	0.0029392285
0.0005052762	0.0029372773
0.0005049664	0.0029353258
0.000504657	0.0029333744
0.0005043478	0.002931423
0.0005040389	0.0029294715
0.0005037304	0.0029275203
0.0005034221	0.002925569
0.0005031141	0.0029236174
0.0005028064	0.002921666
0.000502499	0.0029197146
0.0005021919	0.0029177634
0.0005018851	0.0029158119
0.0005015785	0.0029138605
0.0005012723	0.0029119089
0.0005009663	0.0029099578
0.0005006607	0.0029080064
0.0005003553	0.0029060549
0.0005000502	0.0029041035
0.0004997454	0.0029021521
0.000499441	0.0029002009
0.0004991368	0.0028982494
0.0004988329	0.002896298
0.0004985292	0.0028943466
0.0004982259	0.0028923953
0.0004979229	0.0028904438
0.0004976202	0.0028884925
0.0004973177	0.0028865409
0.0004970156	0.0028845896
0.0004967137	0.0028826384
0.0004964121	0.0028806869
0.0004961109	0.0028787355
0.0004958099	0.002876784
0.0004955092	0.0028748329
0.0004952088	0.0028728814
0.0004949087	0.00287093
0.0004946088	0.0028689786
0.0004943093	0.002867027
0.0004940101	0.0028650759
0.0004937111	0.0028631244
0.0004934125	0.0028611729
0.0004931141	0.0028592215
0.0004928161	0.0028572703
0.0004925183	0.0028553188
0.0004922208	0.0028533674
0.0004919236	0.002851416
0.0004916267	0.0028494646
0.0004913301	0.0028475134
0.0004910338	0.0028455619
0.0004907377	0.0028436104
0.000490442	0.002841659
0.0004901466	0.0028397078
0.0004898514	0.0028377563
0.0004895566	0.002835805
0.000489262	0.0028338535
0.0004889677	0.002831902
0.0004886737	0.0028299509
0.00048838	0.0028279994
0.0004880866	0.002826048
0.0004877935	0.0028240965
0.0004875007	0.0028221451
0.0004872082	0.0028201939
0.000486916	0.0028182424
0.000486624	0.002816291
0.0004863323	0.0028143394
0.000486041	0.0028123884
0.00048575	0.0028104369
0.0004854592	0.0028084854
0.0004851687	0.002806534
0.0004848785	0.0028045826
0.0004845886	0.0028026314
0.000484299	0.0028006799
0.0004840097	0.0027987285
0.0004837207	0.0027967771
0.0004834319	0.0027948258
0.0004831435	0.0027928744
0.0004828553	0.002790923
0.0004825675	0.0027889715
0.0004822799	0.0027870201
0.0004819927	0.0027850689
0.0004817057	0.0027831174
0.000481419	0.002781166
0.0004811326	0.0027792146
0.0004808465	0.0027772634
0.0004805607	0.0027753119
0.0004802752	0.0027733605
0.0004799899	0.002771409
0.000479705	0.0027694576
0.0004794204	0.0027675064
0.000479136	0.002765555
0.0004788519	0.0027636035
0.0004785682	0.002761652
0.0004782847	0.0027597009
0.0004780015	0.0027577494
0.0004777186	0.0027557979
0.000477436	0.0027538466
0.0004771537	0.002751895
0.0004768717	0.0027499438
0.00047659	0.0027479924
0.0004763085	0.0027460409
0.0004760274	0.0027440895
0.0004757465	0.002742138
0.000475466	0.0027401868
0.0004751857	0.0027382355
0.0004749057	0.002736284
0.000474626	0.0027343325
0.0004743467	0.0027323813
0.0004740676	0.0027304299
0.0004737887	0.0027284785
0.0004735102	0.002726527
0.000473232	0.0027245756
0.0004729541	0.0027226245
0.0004726764	0.002720673
0.0004723991	0.0027187216
0.000472122	0.00271677
0.0004718453	0.0027148189
0.0004715688	0.0027128675
0.0004712926	0.0027109159
0.0004710167	0.0027089645
0.0004707411	0.0027070131
0.0004704658	0.0027050619
0.0004701908	0.0027031104
0.0004699161	0.002701159
0.0004696416	0.0026992076
0.0004693675	0.0026972563
0.0004690937	0.0026953049
0.0004688201	0.0026933535
0.0004685468	0.0026914021
0.0004682739	0.0026894506
0.0004680012	0.0026874994
0.0004677288	0.0026855479
0.0004674567	0.0026835965
0.0004671849	0.0026816451
0.0004669134	0.002679694
0.0004666422	0.0026777424
0.0004663712	0.002675791
0.0004661006	0.0026738395
0.0004658302	0.0026718881
0.0004655602	0.0026699369
0.0004652904	0.0026679854
0.000465021	0.002666034
0.0004647518	0.0026640826
0.0004644829	0.0026621314
0.0004642143	0.0026601799
0.000463946	0.0026582285
0.000463678	0.0026562771
0.0004634103	0.0026543255
0.0004631429	0.0026523744
0.0004628757	0.002650423
0.0004626089	0.0026484714
0.0004623423	0.0026465201
0.000462076	0.0026445686
0.0004618101	0.0026426173
0.0004615444	0.002640666
0.000461279	0.0026387145
0.0004610139	0.0026367631
0.0004607491	0.0026348118
0.0004604846	0.0026328605
0.0004602204	0.002630909
0.0004599565	0.0026289576
0.0004596928	0.0026270062
0.0004594295	0.0026250549
0.0004591665	0.0026231035
0.0004589037	0.0026211521
0.0004586412	0.0026192006
0.0004583791	0.0026172494
0.0004581172	0.002615298
0.0004578556	0.0026133466
0.0004575943	0.0026113952
0.0004573333	0.0026094437
0.0004570726	0.0026074925
0.0004568122	0.0026055409
0.000456552	0.0026035896
0.0004562922	0.0026016382
0.0004560326	0.0025996868
0.0004557734	0.0025977354
0.0004555144	0.002595784
0.0004552557	0.0025938325
0.0004549974	0.0025918811
0.0004547393	0.0025899299
0.0004544815	0.0025879784
0.000454224	0.002586027
0.0004539668	0.0025840757
0.0004537099	0.0025821244
0.0004534532	0.0025801729
0.0004531969	0.0025782215
0.0004529408	0.00257627
0.0004526851	0.0025743186
0.0004524296	0.0025723675
0.0004521745	0.002570416
0.0004519196	0.0025684645
0.000451665	0.0025665131
0.0004514107	0.0025645617
0.0004511567	0.0025626105
0.000450903	0.002560659
0.0004506496	0.0025587077
0.0004503964	0.0025567562
0.0004501436	0.002554805
0.0004498911	0.0025528536
0.0004496388	0.002550902
0.0004493868	0.0025489506
0.0004491351	0.002546999
0.0004488838	0.0025450478
0.0004486327	0.0025430966
0.0004483819	0.0025411451
0.0004481314	0.0025391936
0.0004478812	0.0025372423
0.0004476313	0.002535291
0.0004473817	0.0025333395
0.0004471323	0.0025313881
0.0004468833	0.0025294367
0.0004466346	0.0025274855
0.0004463861	0.002525534
0.0004461379	0.0025235826
0.00044589	0.0025216311
0.0004456425	0.0025196799
0.0004453952	0.0025177285
0.0004451482	0.002515777
0.0004449015	0.0025138256
0.000444655	0.0025118742
0.0004444089	0.002509923
0.0004441631	0.0025079714
0.0004439176	0.0025060201
0.0004436723	0.0025040687
0.0004434274	0.0025021174
0.0004431827	0.002500166
0.0004429383	0.0024982146
0.0004426942	0.0024962631
0.0004424504	0.0024943116
0.000442207	0.0024923605
0.0004419637	0.002490409
0.0004417208	0.0024884576
0.0004414782	0.0024865062
0.0004412359	0.0024845548
0.0004409939	0.0024826035
0.0004407521	0.0024806521
0.0004405106	0.0024787005
0.0004402695	0.0024767491
0.0004400286	0.0024747979
0.000439788	0.0024728466
0.0004395477	0.0024708951
0.0004393077	0.0024689436
0.000439068	0.0024669921
0.0004388286	0.0024650409
0.0004385895	0.0024630895
0.0004383507	0.0024611381
0.0004381121	0.0024591867
0.0004378739	0.0024572355
0.000437636	0.002455284
0.0004373983	0.0024533325
0.0004371609	0.0024513812
0.0004369238	0.0024494297
0.0004366871	0.0024474784
0.0004364506	0.002445527
0.0004362144	0.0024435756
0.0004359785	0.0024416242
0.0004357429	0.0024396729
0.0004355075	0.0024377216
0.0004352725	0.00243577
0.0004350377	0.0024338186
0.0004348033	0.0024318673
0.0004345692	0.0024299161
0.0004343353	0.0024279645
0.0004341017	0.0024260131
0.0004338684	0.0024240616
0.0004336354	0.0024221104
0.0004334027	0.002420159
0.0004331703	0.0024182075
0.0004329382	0.0024162561
0.0004327064	0.0024143047
0.0004324749	0.0024123536
0.0004322436	0.002410402
0.0004320127	0.0024084506
0.000431782	0.0024064992
0.0004315516	0.0024045479
0.0004313216	0.0024025965
0.0004310918	0.0024006451
0.0004308623	0.0023986936
0.0004306331	0.0023967422
0.0004304042	0.002394791
0.0004301756	0.0023928396
0.0004299473	0.0023908881
0.0004297192	0.0023889367
0.0004294915	0.0023869854
0.000429264	0.002385034
0.0004290369	0.0023830826
0.00042881	0.0023811311
0.0004285834	0.0023791797
0.0004283572	0.0023772285
0.0004281312	0.0023752769
0.0004279055	0.0023733256
0.0004276801	0.0023713742
0.000427455	0.0023694227
0.0004272302	0.0023674714
0.0004270056	0.0023655201
0.0004267814	0.0023635686
0.0004265574	0.0023616172
0.0004263338	0.002359666
0.0004261104	0.0023577145
0.0004258874	0.0023557631
0.0004256646	0.0023538117
0.0004254421	0.0023518603
0.0004252199	0.002349909
0.000424998	0.0023479575
0.0004247764	0.0023460062
0.0004245551	0.0023440547
0.0004243341	0.0023421035
0.0004241133	0.0023401521
0.0004238929	0.0023382005
0.0004236727	0.0023362492
0.0004234529	0.0023342977
0.0004232333	0.0023323466
0.000423014	0.0023303951
0.000422795	0.0023284437
0.0004225763	0.0023264921
0.000422358	0.002324541
0.0004221399	0.0023225896
0.000421922	0.002320638
0.0004217045	0.0023186866
0.0004214873	0.0023167353
0.0004212704	0.0023147841
0.0004210537	0.0023128325
0.0004208373	0.0023108812
0.0004206213	0.0023089297
0.0004204055	0.0023069784
0.00042019	0.0023050271
0.0004199748	0.0023030756
0.0004197599	0.0023011241
0.0004195453	0.0022991727
0.000419331	0.0022972215
0.000419117	0.00229527
0.0004189032	0.0022933186
0.0004186898	0.0022913673
0.0004184766	0.0022894157
0.0004182638	0.0022874645
0.0004180513	0.0022855132
0.000417839	0.0022835616
0.000417627	0.0022816103
0.0004174153	0.002279659
0.0004172039	0.0022777075
0.0004169928	0.0022757562
0.000416782	0.0022738047
0.0004165715	0.0022718531
0.0004163613	0.002269902
0.0004161513	0.0022679506
0.0004159417	0.0022659991
0.0004157323	0.0022640477
0.0004155233	0.0022620966
0.0004153145	0.002260145
0.000415106	0.0022581937
0.0004148978	0.0022562422
0.0004146899	0.0022542908
0.0004144823	0.0022523396
0.000414275	0.0022503881
0.000414068	0.0022484367
0.0004138613	0.0022464852
0.0004136548	0.002244534
0.0004134487	0.0022425826
0.0004132428	0.0022406311
0.0004130373	0.0022386797
0.000412832	0.0022367282
0.000412627	0.002234777
0.0004124224	0.0022328256
0.000412218	0.0022308741
0.0004120139	0.0022289227
0.0004118101	0.0022269714
0.0004116065	0.0022250201
0.0004114033	0.0022230687
0.0004112004	0.0022211172
0.0004109977	0.0022191658
0.0004107954	0.0022172145
0.0004105933	0.0022152631
0.0004103916	0.0022133117
0.0004101901	0.0022113603
0.0004099889	0.002209409
0.000409788	0.0022074574
0.0004095874	0.0022055062
0.0004093871	0.0022035547
0.0004091871	0.0022016032
0.0004089874	0.0021996522
0.000408788	0.0021977006
0.0004085888	0.0021957491
0.0004083899	0.0021937976
0.0004081914	0.0021918462
0.0004079932	0.0021898951
0.0004077952	0.0021879435
0.0004075975	0.0021859923
0.0004074001	0.0021840407
0.000407203	0.0021820895
0.0004070062	0.0021801382
0.0004068097	0.0021781867
0.0004066134	0.0021762352
0.0004064173	0.0021742838
0.0004062215	0.0021723326
0.0004060259	0.0021703814
0.0004058306	0.0021684299
0.0004056354	0.0021664784
0.0004054405	0.0021645272
0.0004052458	0.0021625761
0.0004050513	0.0021606246
0.0004048571	0.0021586732
0.0004046631	0.0021567217
0.0004044693	0.0021547706
0.0004042758	0.0021528194
0.0004040824	0.0021508679
0.0004038893	0.0021489165
0.0004036965	0.0021469652
0.0004035038	0.0021450138
0.0004033114	0.0021430626
0.0004031192	0.0021411111
0.0004029273	0.0021391597
0.0004027355	0.0021372084
0.000402544	0.0021352572
0.0004023528	0.0021333058
0.0004021617	0.0021313544
0.0004019709	0.0021294031
0.0004017803	0.0021274517
0.0004015899	0.0021255005
0.0004013998	0.002123549
0.0004012098	0.0021215976
0.0004010202	0.0021196463
0.0004008307	0.0021176951
0.0004006415	0.0021157437
0.0004004525	0.0021137924
0.0004002637	0.0021118408
0.0004000752	0.0021098897
0.0003998869	0.0021079385
0.0003996988	0.002105987
0.0003995109	0.0021040356
0.0003993233	0.0021020843
0.0003991358	0.0021001329
0.0003989487	0.0020981817
0.0003987617	0.0020962303
0.000398575	0.0020942788
0.0003983885	0.0020923275
0.0003982022	0.0020903763
0.0003980162	0.0020884249
0.0003978303	0.0020864735
0.0003976447	0.0020845222
0.0003974594	0.0020825708
0.0003972743	0.0020806196
0.0003970893	0.0020786681
0.0003969046	0.0020767167
0.0003967202	0.0020747655
0.000396536	0.0020728142
0.000396352	0.0020708628
0.0003961682	0.0020689114
0.0003959847	0.0020669601
0.0003958013	0.0020650087
0.0003956183	0.0020630574
0.0003954354	0.0020611061
0.0003952528	0.0020591546
0.0003950704	0.0020572034
0.0003948882	0.0020552521
0.0003947062	0.0020533007
0.0003945245	0.0020513494
0.000394343	0.0020493981
0.0003941618	0.0020474467
0.0003939807	0.0020454955
0.0003937999	0.002043544
0.0003936193	0.0020415926
0.000393439	0.0020396413
0.0003932588	0.0020376899
0.0003930789	0.0020357387
0.0003928992	0.0020337872
0.0003927198	0.002031836
0.0003925406	0.0020298846
0.0003923616	0.0020279333
0.0003921828	0.0020259819
0.0003920043	0.0020240305
0.000391826	0.0020220792
0.0003916479	0.0020201278
0.00039147	0.0020181766
0.0003912924	0.0020162251
0.000391115	0.0020142737
0.0003909378	0.0020123225
0.0003907609	0.002010371
0.0003905842	0.0020084198
0.0003904077	0.0020064684
0.0003902314	0.0020045172
0.0003900554	0.0020025657
0.0003898796	0.0020006145
0.000389704	0.001998663
0.0003895286	0.0019967116
0.0003893535	0.0019947605
0.0003891786	0.001992809
0.0003890039	0.0019908578
0.0003888295	0.0019889064
0.0003886553	0.0019869551
0.0003884813	0.0019850037
0.0003883075	0.0019830525
0.000388134	0.001981101
0.0003879607	0.0019791496
0.0003877876	0.0019771984
0.0003876148	0.0019752469
0.0003874421	0.0019732957
0.0003872697	0.0019713443
0.0003870976	0.001969393
0.0003869256	0.0019674416
0.0003867539	0.0019654902
0.0003865824	0.0019635389
0.0003864112	0.0019615875
0.0003862401	0.0019596362
0.0003860693	0.0019576848
0.0003858988	0.0019557335
0.0003857284	0.0019537821
0.0003855583	0.0019518308
0.0003853884	0.0019498794
0.0003852187	0.0019479282
0.0003850493	0.0019459768
0.0003848801	0.0019440256
0.0003847111	0.001942074
0.0003845423	0.0019401228
0.0003843738	0.0019381714
0.0003842055	0.0019362202
0.0003840374	0.0019342688
0.0003838696	0.0019323174
0.000383702	0.001930366
0.0003835346	0.0019284148
0.0003833674	0.0019264635
0.0003832005	0.001924512
0.0003830338	0.0019225607
0.0003828673	0.0019206095
0.0003827011	0.0019186581
0.000382535	0.0019167067
0.0003823692	0.0019147552
0.0003822036	0.0019128042
0.0003820382	0.0019108528
0.000381873	0.0019089016
0.000381708	0.0019069503
0.0003815432	0.0019049992
0.0003813786	0.0019030477
0.0003812142	0.0019010966
0.00038105	0.0018991455
0.0003808859	0.0018971942
0.0003807221	0.001895243
0.0003805585	0.0018932917
0.000380395	0.0018913406
0.0003802317	0.0018893891
0.0003800687	0.0018874381
0.0003799058	0.0018854868
0.0003797432	0.0018835354
0.0003795807	0.0018815842
0.0003794184	0.0018796331
0.0003792563	0.0018776818
0.0003790944	0.0018757305
0.0003789328	0.0018737794
0.0003787712	0.0018718281
0.0003786099	0.0018698769
0.0003784488	0.0018679256
0.0003782879	0.0018659744
0.0003781272	0.0018640231
0.0003779667	0.0018620719
0.0003778063	0.0018601206
0.0003776462	0.0018581695
0.0003774862	0.0018562181
0.0003773265	0.001854267
0.0003771669	0.0018523157
0.0003770076	0.0018503644
0.0003768484	0.0018484133
0.0003766895	0.001846462
0.0003765307	0.0018445107
0.0003763721	0.0018425595
0.0003762137	0.0018406083
0.0003760555	0.0018386571
0.0003758975	0.0018367058
0.0003757397	0.0018347545
0.0003755821	0.0018328034
0.0003754247	0.0018308519
0.0003752675	0.0018289009
0.0003751105	0.0018269496
0.0003749536	0.0018249983
0.000374797	0.0018230472
0.0003746406	0.001821096
0.0003744843	0.0018191448
0.0003743283	0.0018171933
0.0003741724	0.0018152422
0.0003740167	0.0018132909
0.0003738613	0.0018113397
0.000373706	0.0018093884
0.0003735509	0.0018074373
0.000373396	0.0018054859
0.0003732414	0.0018035347
0.0003730869	0.0018015836
0.0003729326	0.0017996322
0.0003727785	0.0017976811
0.0003726246	0.0017957298
0.0003724709	0.0017937787
0.0003723173	0.0017918272
0.000372164	0.0017898762
0.0003720109	0.0017879249
0.0003718579	0.0017859736
0.0003717052	0.0017840223
0.0003715527	0.0017820712
0.0003714003	0.0017801199
0.0003712481	0.0017781686
0.0003710962	0.0017762175
0.0003709444	0.0017742662
0.0003707928	0.0017723149
0.0003706415	0.0017703637
0.0003704903	0.0017684125
0.0003703393	0.0017664611
0.0003701885	0.00176451
0.0003700379	0.0017625587
0.0003698875	0.0017606074
0.0003697373	0.0017586562
0.0003695873	0.0017567051
0.0003694375	0.0017547538
0.0003692878	0.0017528025
0.0003691384	0.0017508514
0.0003689892	0.0017489002
0.0003688401	0.0017469489
0.0003686913	0.0017449976
0.0003685426	0.0017430464
0.0003683942	0.0017410952
0.0003682459	0.0017391439
0.0003680978	0.0017371926
0.00036795	0.0017352416
0.0003678023	0.0017332901
0.0003676548	0.001731339
0.0003675075	0.0017293877
0.0003673604	0.0017274364
0.0003672135	0.0017254853
0.0003670668	0.0017235339
0.0003669203	0.0017215827
0.000366774	0.0017196314
0.0003666279	0.0017176803
0.0003664819	0.0017157291
0.0003663362	0.0017137778
0.0003661906	0.0017118265
0.0003660453	0.0017098754
0.0003659002	0.0017079241
0.0003657552	0.0017059728
0.0003656105	0.0017040217
0.0003654659	0.0017020703
0.0003653215	0.0017001192
0.0003651773	0.0016981679
0.0003650334	0.0016962168
0.0003648896	0.0016942653
0.000364746	0.0016923143
0.0003646026	0.0016903629
0.0003644594	0.0016884116
0.0003643164	0.0016864604
0.0003641736	0.0016845092
0.0003640309	0.001682558
0.0003638885	0.0016806067
0.0003637463	0.0016786557
0.0003636043	0.0016767044
0.0003634624	0.001674753
0.0003633208	0.0016728018
0.0003631793	0.0016708506
0.0003630381	0.0016688992
0.000362897	0.0016669481
0.0003627561	0.0016649969
0.0003626155	0.0016630456
0.000362475	0.0016610943
0.0003623347	0.0016591432
0.0003621946	0.0016571919
0.0003620547	0.0016552406
0.000361915	0.0016532895
0.0003617755	0.0016513383
0.0003616362	0.0016493869
0.0003614971	0.0016474357
0.0003613582	0.0016454845
0.0003612195	0.0016435332
0.0003610809	0.001641582
0.0003609426	0.0016396307
0.0003608045	0.0016376796
0.0003606665	0.0016357281
0.0003605288	0.0016337771
0.0003603912	0.0016318258
0.0003602538	0.0016298745
0.0003601167	0.0016279234
0.0003599797	0.0016259721
0.0003598429	0.0016240209
0.0003597063	0.0016220695
0.00035957	0.0016201185
0.0003594338	0.001618167
0.0003592978	0.0016162159
0.000359162	0.0016142646
0.0003590264	0.0016123136
0.0003588909	0.0016103622
0.0003587557	0.0016084109
0.0003586207	0.0016064599
0.0003584859	0.0016045084
0.0003583512	0.0016025573
0.0003582168	0.001600606
0.0003580825	0.0015986549
0.0003579485	0.0015967034
0.0003578146	0.0015947524
0.000357681	0.0015928011
0.0003575475	0.0015908498
0.0003574142	0.0015888985
0.0003572811	0.0015869474
0.0003571483	0.0015849961
0.0003570156	0.0015830449
0.0003568831	0.0015810938
0.0003567508	0.0015791423
0.0003566187	0.0015771911
0.0003564867	0.0015752399
0.000356355	0.0015732887
0.0003562235	0.0015713373
0.0003560922	0.0015693862
0.0003559611	0.001567435
0.0003558301	0.0015654837
0.0003556994	0.0015635324
0.0003555688	0.0015615813
0.0003554385	0.00155963
0.0003553083	0.0015576787
0.0003551783	0.0015557276
0.0003550486	0.0015537763
0.000354919	0.001551825
0.0003547896	0.0015498738
0.0003546604	0.0015479226
0.0003545314	0.0015459712
0.0003544026	0.0015440201
0.000354274	0.0015420688
0.0003541456	0.0015401176
0.0003540174	0.0015381663
0.0003538894	0.0015362152
0.0003537616	0.0015342641
0.0003536339	0.0015323126
0.0003535065	0.0015303615
0.0003533793	0.0015284102
0.0003532522	0.0015264589
0.0003531254	0.0015245076
0.0003529987	0.0015225566
0.0003528723	0.0015206051
0.000352746	0.001518654
0.0003526199	0.0015167027
0.0003524941	0.0015147516
0.0003523684	0.0015128002
0.0003522429	0.001510849
0.0003521176	0.001508898
0.0003519925	0.0015069464
0.0003518676	0.0015049954
0.0003517429	0.0015030441
0.0003516184	0.0015010929
0.000351494	0.0014991416
0.0003513699	0.0014971904
0.000351246	0.0014952392
0.0003511223	0.0014932878
0.0003509987	0.0014913367
0.0003508754	0.0014893854
0.0003507522	0.0014874343
0.0003506293	0.0014854828
0.0003505065	0.0014835318
0.0003503839	0.0014815805
0.0003502616	0.0014796292
0.0003501394	0.0014776781
0.0003500174	0.0014757268
0.0003498956	0.0014737755
0.000349774	0.0014718244
0.0003496526	0.001469873
0.0003495314	0.0014679218
0.0003494104	0.0014659704
0.0003492896	0.0014640193
0.000349169	0.0014620682
0.0003490485	0.0014601167
0.0003489282	0.0014581654
0.0003488081	0.0014562143
0.0003486882	0.0014542628
0.0003485685	0.0014523118
0.0003484489	0.0014503603
0.0003483295	0.0014484093
0.0003482103	0.0014464578
0.0003480912	0.0014445066
0.0003479724	0.0014425554
0.0003478537	0.0014406041
0.0003477352	0.0014386529
0.0003476168	0.0014367017
0.0003474987	0.0014347504
0.0003473807	0.001432799
0.0003472629	0.0014308477
0.0003471452	0.0014288964
0.0003470278	0.0014269453
0.0003469105	0.0014249938
0.0003467934	0.0014230427
0.0003466765	0.0014210914
0.0003465597	0.0014191403
0.0003464431	0.0014171888
0.0003463267	0.0014152377
0.0003462105	0.0014132863
0.0003460945	0.0014113351
0.0003459786	0.0014093837
0.0003458629	0.0014074324
0.0003457473	0.0014054811
0.000345632	0.00140353
0.0003455168	0.0014015787
0.0003454018	0.0013996272
0.000345287	0.0013976763
0.0003451724	0.0013957248
0.0003450579	0.0013937737
0.0003449436	0.0013918223
0.0003448295	0.0013898714
0.0003447156	0.0013879198
0.0003446018	0.0013859688
0.0003444882	0.0013840174
0.0003443748	0.0013820659
0.0003442616	0.0013801148
0.0003441485	0.0013781634
0.0003440356	0.0013762122
0.0003439229	0.0013742608
0.0003438104	0.0013723098
0.000343698	0.0013703582
0.0003435859	0.0013684073
0.0003434739	0.0013664558
0.0003433621	0.0013645045
0.0003432504	0.0013625534
0.0003431389	0.0013606018
0.0003430276	0.0013586509
0.0003429165	0.0013566993
0.0003428056	0.0013547484
0.0003426948	0.0013527969
0.0003425842	0.0013508456
0.0003424738	0.0013488944
0.0003423635	0.0013469431
0.0003422535	0.001344992
0.0003421436	0.0013430407
0.0003420339	0.0013410893
0.0003419243	0.0013391383
0.000341815	0.0013371869
0.0003417058	0.0013352353
0.0003415968	0.0013332842
0.0003414879	0.0013313329
0.0003413793	0.0013293818
0.0003412708	0.0013274304
0.0003411625	0.0013254792
0.0003410544	0.0013235279
0.0003409464	0.0013215766
0.0003408386	0.0013196253
0.000340731	0.0013176743
0.0003406235	0.0013157228
0.0003405162	0.0013137718
0.000340409	0.0013118201
0.000340302	0.0013098692
0.0003401951	0.0013079178
0.0003400884	0.0013059667
0.0003399819	0.0013040155
0.0003398755	0.0013020641
0.0003397692	0.0013001129
0.0003396632	0.0012981615
0.0003395572	0.0012962104
0.0003394515	0.0012942592
0.0003393459	0.0012923078
0.0003392404	0.0012903566
0.0003391351	0.0012884053
0.00033903	0.0012864541
0.000338925	0.0012845027
0.0003388201	0.0012825517
0.0003387155	0.0012806001
0.0003386109	0.0012786491
0.0003385066	0.0012766979
0.0003384024	0.0012747465
0.0003382983	0.0012727953
0.0003381944	0.0012708439
0.0003380907	0.0012688929
0.0003379871	0.0012669414
0.0003378837	0.0012649904
0.0003377804	0.0012630388
0.0003376773	0.0012610878
0.0003375743	0.0012591365
0.0003374715	0.0012571853
0.0003373689	0.0012552339
0.0003372664	0.0012532826
0.0003371641	0.0012513316
0.0003370619	0.00124938
0.0003369599	0.0012474291
0.000336858	0.0012454778
0.0003367563	0.0012435265
0.0003366547	0.0012415752
0.0003365533	0.001239624
0.0003364521	0.0012376728
0.000336351	0.0012357213
0.0003362501	0.0012337703
0.0003361493	0.0012318188
0.0003360487	0.0012298677
0.0003359482	0.0012279165
0.0003358479	0.0012259652
0.0003357478	0.0012240139
0.0003356478	0.0012220626
0.000335548	0.0012201116
0.0003354483	0.00121816
0.0003353487	0.0012162089
0.0003352494	0.0012142575
0.0003351502	0.0012123064
0.0003350511	0.0012103551
0.0003349522	0.0012084038
0.0003348535	0.0012064528
0.0003347549	0.0012045012
0.0003346565	0.0012025503
0.0003345582	0.0012005987
0.0003344601	0.0011986477
0.0003343621	0.0011966963
0.0003342643	0.0011947452
0.0003341666	0.0011927941
0.0003340691	0.0011908425
0.0003339718	0.0011888915
0.0003338746	0.0011869399
0.0003337776	0.001184989
0.0003336807	0.0011830374
0.000333584	0.0011810864
0.0003334874	0.001179135
0.000333391	0.0011771838
0.0003332948	0.0011752327
0.0003331987	0.0011732812
0.0003331028	0.0011713302
0.000333007	0.0011693787
0.0003329114	0.0011674276
0.0003328159	0.0011654763
0.0003327206	0.0011635251
0.0003326254	0.0011615737
0.0003325304	0.0011596225
0.0003324356	0.0011576713
0.0003323409	0.0011557199
0.0003322464	0.0011537688
0.000332152	0.0011518173
0.0003320578	0.0011498663
0.0003319637	0.001147915
0.0003318698	0.0011459637
0.0003317761	0.0011440124
0.0003316825	0.0011420612
0.000331589	0.0011401101
0.0003314957	0.0011381586
0.0003314026	0.0011362075
0.0003313096	0.001134256
0.0003312169	0.0011323051
0.0003311242	0.0011303537
0.0003310317	0.0011284024
0.0003309394	0.0011264513
0.0003308471	0.0011244998
0.0003307551	0.0011225488
0.0003306632	0.0011205972
0.0003305715	0.0011186463
0.00033048	0.0011166949
0.0003303886	0.0011147437
0.0003302973	0.0011127923
0.0003302062	0.0011108412
0.0003301153	0.00110889
0.0003300245	0.0011069386
0.0003299339	0.0011049875
0.0003298434	0.0011030359
0.0003297531	0.001101085
0.0003296629	0.0010991336
0.0003295729	0.0010971824
0.0003294831	0.0010952312
0.0003293934	0.0010932797
0.0003293038	0.0010913287
0.0003292144	0.0010893772
0.0003291252	0.0010874261
0.0003290362	0.0010854749
0.0003289473	0.0010835236
0.0003288585	0.0010815725
0.0003287699	0.001079621
0.0003286815	0.00107767
0.0003285932	0.0010757184
0.000328505	0.0010737674
0.0003284171	0.0010718159
0.0003283292	0.0010698648
0.0003282416	0.0010679135
0.0003281541	0.0010659623
0.0003280667	0.0010640112
0.0003279795	0.0010620597
0.0003278925	0.0010601087
0.0003278056	0.0010581571
0.0003277189	0.0010562061
0.0003276323	0.0010542545
0.0003275459	0.0010523035
0.0003274597	0.0010503524
0.0003273735	0.001048401
0.0003272876	0.0010464499
0.0003272018	0.0010444984
0.0003271162	0.0010425474
0.0003270307	0.0010405957
0.0003269454	0.0010386448
0.0003268602	0.0010366934
0.0003267752	0.0010347422
0.0003266903	0.0010327908
0.0003266057	0.0010308397
0.0003265211	0.0010288886
0.0003264367	0.0010269371
0.0003263525	0.001024986
0.0003262684	0.0010230345
0.0003261845	0.0010210835
0.0003261008	0.0010191322
0.0003260172	0.001017181
0.0003259337	0.0010152298
0.0003258504	0.0010132783
0.0003257673	0.0010113272
0.0003256843	0.0010093757
0.0003256015	0.0010074247
0.0003255188	0.0010054732
0.0003254363	0.0010035221
0.0003253539	0.0010015708
0.0003252717	0.0009996196
0.0003251897	0.0009976686
0.0003251078	0.000995717
0.0003250261	0.000993766
0.0003249445	0.0009918144
0.0003248631	0.0009898634
0.0003247818	0.000987912
0.0003247007	0.0009859608
0.0003246198	0.0009840098
0.000324539	0.0009820583
0.0003244583	0.0009801072
0.0003243778	0.0009781556
0.0003242975	0.0009762047
0.0003242173	0.0009742531
0.0003241373	0.0009723021
0.0003240575	0.000970351
0.0003239778	0.0009683995
0.0003238982	0.0009664484
0.0003238188	0.000964497
0.0003237396	0.0009625459
0.0003236605	0.0009605945
0.0003235816	0.0009586433
0.0003235028	0.0009566922
0.0003234242	0.0009547407
0.0003233458	0.0009527896
0.0003232675	0.0009508382
0.0003231893	0.0009488871
0.0003231113	0.0009469356
0.0003230335	0.0009449846
0.0003229558	0.0009430331
0.0003228783	0.000941082
0.000322801	0.0009391309
0.0003227238	0.0009371794
0.0003226467	0.0009352284
0.0003225698	0.0009332769
0.0003224931	0.0009313259
0.0003224165	0.0009293743
0.0003223401	0.0009274233
0.0003222638	0.0009254718
0.0003221877	0.0009235206
0.0003221118	0.0009215696
0.0003220359	0.0009196181
0.0003219603	0.0009176671
0.0003218848	0.0009157156
0.0003218095	0.0009137645
0.0003217343	0.000911813
0.0003216593	0.000909862
0.0003215844	0.0009079107
0.0003215097	0.0009059594
0.0003214352	0.0009040083
0.0003213608	0.0009020568
0.0003212865	0.0009001058
0.0003212124	0.0008981542
0.0003211385	0.0008962032
0.0003210647	0.0008942517
0.0003209911	0.0008923006
0.0003209177	0.0008903493
0.0003208444	0.0008883981
0.0003207712	0.000886447
0.0003206982	0.0008844955
0.0003206254	0.0008825444
0.0003205527	0.000880593
0.0003204802	0.0008786419
0.0003204078	0.0008766906
0.0003203356	0.0008747393
0.0003202636	0.0008727883
0.0003201917	0.0008708367
0.0003201199	0.0008688856
0.0003200483	0.0008669342
0.0003199769	0.0008649831
0.0003199056	0.0008630317
0.0003198345	0.0008610806
0.0003197636	0.0008591295
0.0003196928	0.000857178
0.0003196221	0.0008552269
0.0003195516	0.0008532754
0.0003194813	0.0008513244
0.0003194111	0.0008493728
0.0003193411	0.0008474218
0.0003192712	0.0008454706
0.0003192015	0.0008435193
0.0003191319	0.0008415682
0.0003190625	0.0008396167
0.0003189933	0.0008376656
0.0003189242	0.0008357141
0.0003188553	0.0008337631
0.0003187865	0.0008318116
0.0003187179	0.0008298606
0.0003186494	0.0008279094
0.0003185811	0.0008259579
0.000318513	0.0008240068
0.000318445	0.0008220554
0.0003183771	0.0008201043
0.0003183094	0.0008181528
0.0003182419	0.0008162018
0.0003181745	0.0008142503
0.0003181073	0.0008122992
0.0003180403	0.0008103481
0.0003179734	0.0008083966
0.0003179066	0.0008064455
0.00031784	0.0008044941
0.0003177736	0.0008025429
0.0003177073	0.0008005915
0.0003176412	0.0007986405
0.0003175752	0.0007966889
0.0003175094	0.0007947379
0.0003174438	0.0007927868
0.0003173782	0.0007908353
0.0003173129	0.0007888842
0.0003172477	0.0007869327
0.0003171827	0.0007849817
0.0003171178	0.0007830302
0.0003170531	0.0007810791
0.0003169885	0.0007791281
0.0003169241	0.0007771765
0.0003168599	0.0007752255
0.0003167958	0.000773274
0.0003167319	0.0007713229
0.0003166681	0.0007693714
0.0003166044	0.0007674204
0.000316541	0.0007654689
0.0003164777	0.0007635178
0.0003164145	0.0007615667
0.0003163515	0.0007596152
0.0003162887	0.0007576642
0.000316226	0.0007557127
0.0003161634	0.0007537616
0.0003161011	0.0007518102
0.0003160388	0.0007498591
0.0003159768	0.000747908
0.0003159149	0.0007459565
0.0003158531	0.0007440054
0.0003157915	0.0007420539
0.0003157301	0.0007401028
0.0003156688	0.0007381514
0.0003156077	0.0007362003
0.0003155467	0.0007342491
0.0003154859	0.0007322977
0.0003154252	0.0007303467
0.0003153647	0.0007283951
0.0003153044	0.0007264442
0.0003152442	0.0007244926
0.0003151841	0.0007225415
0.0003151243	0.0007205901
0.0003150645	0.000718639
0.000315005	0.0007166878
0.0003149456	0.0007147364
0.0003148863	0.0007127853
0.0003148272	0.0007108338
0.0003147683	0.0007088828
0.0003147095	0.0007069312
0.0003146508	0.0007049802
0.0003145924	0.000703029
0.000314534	0.0007010777
0.0003144759	0.0006991266
0.0003144179	0.0006971751
0.00031436	0.000695224
0.0003143023	0.0006932725
0.0003142448	0.0006913215
0.0003141874	0.0006893699
0.0003141302	0.0006874189
0.0003140731	0.0006854675
0.0003140162	0.0006835164
0.0003139595	0.0006815653
0.0003139028	0.0006796138
0.0003138464	0.0006776627
0.0003137901	0.0006757112
0.000313734	0.0006737602
0.000313678	0.0006718087
0.0003136222	0.0006698576
0.0003135665	0.0006679063
0.000313511	0.000665955
0.0003134557	0.000664004
0.0003134004	0.0006620525
0.0003133454	0.0006601014
0.0003132905	0.0006581499
0.0003132358	0.0006561988
0.0003131812	0.0006542474
0.0003131268	0.0006522963
0.0003130725	0.0006503452
0.0003130184	0.0006483937
0.0003129645	0.0006464426
0.0003129107	0.0006444912
0.0003128571	0.0006425401
0.0003128036	0.0006405886
0.0003127503	0.0006386376
0.0003126971	0.0006366862
0.0003126441	0.0006347351
0.0003125912	0.000632784
0.0003125385	0.0006308324
0.000312486	0.0006288813
0.0003124336	0.0006269298
0.0003123814	0.0006249787
0.0003123293	0.0006230273
0.0003122774	0.0006210763
0.0003122256	0.0006191251
0.000312174	0.0006171737
0.0003121225	0.0006152225
0.0003120712	0.0006132712
0.0003120201	0.0006113201
0.0003119691	0.0006093686
0.0003119183	0.0006074174
0.0003118676	0.0006054662
0.0003118171	0.000603515
0.0003117668	0.0006015639
0.0003117166	0.0005996123
0.0003116665	0.0005976612
0.0003116166	0.0005957097
0.0003115669	0.0005937587
0.0003115173	0.0005918076
0.0003114679	0.0005898561
0.0003114186	0.0005879051
0.0003113695	0.0005859535
0.0003113206	0.0005840026
0.0003112718	0.000582051
0.0003112231	0.0005801
0.0003111746	0.0005781485
0.0003111263	0.0005761974
0.0003110781	0.0005742463
0.0003110301	0.0005722949
0.0003109823	0.0005703437
0.0003109345	0.0005683922
0.000310887	0.0005664412
0.0003108396	0.0005644898
0.0003107924	0.0005625387
0.0003107453	0.0005605872
0.0003106984	0.0005586361
0.0003106516	0.0005566849
0.000310605	0.0005547335
0.0003105585	0.0005527825
0.0003105122	0.000550831
0.0003104661	0.0005488799
0.0003104201	0.0005469284
0.0003103743	0.0005449773
0.0003103286	0.0005430258
0.0003102831	0.0005410748
0.0003102377	0.0005391235
0.0003101925	0.0005371723
0.0003101475	0.0005352211
0.0003101026	0.0005332698
0.0003100579	0.0005313186
0.0003100134	0.0005293674
0.0003099691	0.0005274162
0.0003099249	0.0005254648
0.0003098809	0.0005235137
0.000309837	0.0005215625
0.0003097934	0.0005196115
0.0003097499	0.0005176599
0.0003097066	0.0005157087
0.0003096634	0.0005137575
0.0003096204	0.0005118065
0.0003095776	0.000509855
0.000309535	0.0005079039
0.0003094925	0.0005059527
0.0003094502	0.0005040017
0.0003094081	0.00050205
0.0003093661	0.0005000989
0.0003093243	0.0004981478
0.0003092827	0.0004961964
0.0003092413	0.0004942453
0.0003092	0.0004922942
0.0003091589	0.000490343
0.0003091179	0.0004883914
0.0003090772	0.0004864403
0.0003090366	0.0004844891
0.0003089962	0.0004825381
0.0003089559	0.0004805866
0.0003089158	0.0004786355
0.0003088759	0.0004766843
0.0003088362	0.0004747331
0.0003087966	0.0004727816
0.0003087572	0.0004708306
0.000308718	0.0004688794
0.0003086789	0.000466928
0.00030864	0.0004649768
0.0003086013	0.0004630256
0.0003085628	0.0004610744
0.0003085244	0.0004591229
0.0003084862	0.0004571719
0.0003084481	0.0004552207
0.0003084103	0.0004532696
0.0003083726	0.0004513182
0.0003083351	0.0004493671
0.0003082977	0.0004474158
0.0003082605	0.0004454647
0.0003082235	0.0004435132
0.0003081867	0.0004415621
0.00030815	0.000439611
0.0003081135	0.0004376599
0.0003080772	0.0004357084
0.000308041	0.0004337572
0.000308005	0.0004318061
0.0003079692	0.0004298545
0.0003079336	0.0004279035
0.0003078981	0.0004259522
0.0003078629	0.0004240007
0.0003078278	0.0004220498
0.000307793	0.0004200985
0.0003077584	0.0004181472
0.0003077239	0.0004161958
0.0003076897	0.0004142443
0.0003076557	0.0004122935
0.0003076218	0.0004103421
0.0003075882	0.0004083908
0.0003075548	0.0004064394
0.0003075215	0.0004044882
0.0003074885	0.0004025368
0.0003074557	0.0004005856
0.000307423	0.0003986344
0.0003073906	0.000396683
0.0003073584	0.0003947318
0.0003073263	0.0003927804
0.0003072945	0.0003908294
0.0003072629	0.000388878
0.0003072315	0.0003869269
0.0003072002	0.0003849754
0.0003071692	0.0003830241
0.0003071384	0.000381073
0.0003071077	0.0003791218
0.0003070773	0.0003771703
0.0003070471	0.0003752189
0.0003070171	0.000373268
0.0003069872	0.0003713165
0.0003069576	0.0003693652
0.0003069282	0.000367414
0.000306899	0.0003654625
0.0003068699	0.0003635113
0.0003068411	0.0003615603
0.0003068125	0.000359609
0.0003067841	0.0003576576
0.0003067559	0.0003557064
0.0003067278	0.0003537553
0.0003067	0.0003518038
0.0003066723	0.0003498526
0.0003066448	0.0003479014
0.0003066175	0.0003459503
0.0003065904	0.0003439989
0.0003065635	0.0003420475
0.0003065368	0.0003400964
0.0003065102	0.000338145
0.0003064838	0.0003361937
0.0003064577	0.0003342426
0.0003064317	0.0003322915
0.0003064059	0.00033034
0.0003063803	0.0003283888
0.0003063548	0.0003264377
0.0003063296	0.0003244861
0.0003063045	0.0003225349
0.0003062796	0.0003205837
0.0003062549	0.0003186326
0.0003062304	0.0003166812
0.0003062061	0.0003147299
0.000306182	0.0003127788
0.000306158	0.0003108277
0.0003061343	0.0003088762
0.0003061107	0.000306925
0.0003060873	0.0003049737
0.0003060641	0.0003030223
0.0003060411	0.0003010711
0.0003060182	0.0002991199
0.0003059956	0.0002971688
0.0003059731	0.0002952174
0.0003059508	0.0002932661
0.0003059287	0.000291315
0.0003059068	0.0002893638
0.0003058851	0.0002874122
0.0003058636	0.0002854611
0.0003058422	0.0002835099
0.0003058211	0.0002815586
0.0003058001	0.0002796073
0.0003057793	0.0002776561
0.0003057587	0.000275705
0.0003057383	0.0002737535
0.000305718	0.0002718023
0.000305698	0.0002698512
0.0003056781	0.0002678997
0.0003056584	0.0002659484
0.000305639	0.0002639974
0.0003056197	0.0002620461
0.0003056005	0.0002600947
0.0003055816	0.0002581435
0.0003055628	0.0002561923
0.0003055443	0.0002542412
0.0003055259	0.0002522897
0.0003055077	0.0002503385
0.0003054897	0.0002483873
0.0003054719	0.0002464359
0.0003054543	0.0002444846
0.0003054368	0.0002425335
0.0003054196	0.000240582
0.0003054025	0.000238631
0.0003053856	0.0002366798
0.0003053689	0.0002347285
0.0003053524	0.0002327771
0.000305336	0.0002308258
0.0003053199	0.0002288747
0.0003053039	0.0002269236
0.0003052881	0.0002249721
0.0003052726	0.0002230208
0.0003052572	0.0002210698
0.0003052419	0.0002191182
0.0003052269	0.000217167
0.0003052121	0.0002152158
0.0003051974	0.0002132647
0.0003051829	0.0002113133
0.0003051686	0.000209362
0.0003051545	0.0002074109
0.0003051406	0.0002054594
0.0003051269	0.0002035083
0.0003051133	0.000201557
0.0003051	0.0001996058
0.0003050868	0.0001976544
0.0003050738	0.0001957033
0.000305061	0.000193752
0.0003050484	0.0001918009
0.000305036	0.0001898495
0.0003050237	0.0001878982
0.0003050116	0.0001859471
0.0003049998	0.0001839956
0.0003049881	0.0001820445
0.0003049766	0.0001800932
0.0003049653	0.000178142
0.0003049541	0.0001761906
0.0003049432	0.0001742394
0.0003049324	0.0001722882
0.0003049218	0.0001703368
0.0003049115	0.0001683857
0.0003049013	0.0001664344
0.0003048912	0.0001644833
0.0003048814	0.0001625318
0.0003048718	0.0001605805
0.0003048623	0.0001586294
0.000304853	0.0001566782
0.0003048439	0.0001547268
0.000304835	0.0001527756
0.0003048263	0.0001508244
0.0003048178	0.000148873
0.0003048095	0.0001469218
0.0003048013	0.0001449706
0.0003047933	0.0001430195
0.0003047855	0.0001410679
0.0003047779	0.0001391169
0.0003047705	0.0001371656
0.0003047633	0.0001352141
0.0003047562	0.000133263
0.0003047494	0.0001313118
0.0003047427	0.0001293606
0.0003047362	0.0001274093
0.0003047299	0.0001254578
0.0003047238	0.0001235065
0.0003047179	0.0001215555
0.0003047122	0.0001196042
0.0003047067	0.0001176528
0.0003047014	0.0001157014
0.0003046963	0.0001137501
0.0003046913	0.0001117989
0.0003046866	0.0001098477
0.0003046821	0.0001078963
0.0003046779	0.0001059452
0.0003046739	0.0001039941
0.0003046701	0.000102043
0.0003046665	0.0001000916
0.0003046632	0.0000981405
0.0003046601	0.0000961894
0.0003046572	0.0000942382
0.0003046546	0.0000922869
0.0003046522	0.0000903357
0.00030465	0.0000883845
0.0003046481	0.0000864331
0.0003046463	0.000084482
0.0003046448	0.000082531
0.0003046436	0.0000805798
0.0003046425	0.0000786284
0.0003046417	0.0000766772
0.0003046412	0.0000747261
0.0003046408	0.0000727746
0.0003046407	0.0000708236
